NbNode NbEdge POD
91 114 20
16312
16313
16315
16316
16317
16318
16319
16320
16321
16322
16323
16325
16326
16327
16329
16330
17523
21785
21789
21790
11899 9305 16330
11900 16330 11891
13964 10817 16315
13987 10834 10817
14004 10846 10834
14005 16315 10847
14026 10862 10846
14062 10847 16312
14117 16316 10862
14143 10956 10957
14149 10961 16316
14151 10963 10961
14158 10957 10963
14186 10986 10956
14188 10989 10986
14204 11002 10989
14208 11005 11002
14211 16317 11005
14267 11052 16317
14348 11114 11052
14360 11114 16322
14361 11125 11114
14430 11177 11052
14431 11177 11125
14461 11199 11177
14467 16320 11199
14499 11231 11125
14505 11199 11235
14533 11256 16320
14534 11235 11256
14540 11231 11235
14565 11256 16319
14583 11296 11231
14584 11297 16322
14615 11321 16321
14634 11336 11235
14687 16321 11382
14759 11440 11441
15018 21785 11640
15028 11382 11648
15145 16313 16318
15254 11822 16313
15344 11891 11822
15357 11901 9305
15482 21789 21790
15507 16329 16330
15628 16329 12092
15722 12168 12169
15766 12092 12202
15820 12243 16326
15821 12202 16326
15868 12281 16326
15892 16326 12297
15901 16327 12297
15904 12306 16325
15905 16325 12281
15920 12281 12297
20422 11297 17523
20423 16114 16115
20424 16116 16117
20425 16117 16114
20426 11901 11891
20427 12243 16117
20455 16137 16138
20456 16136 16138
20457 16139 16140
20458 16141 16142
20459 16142 16139
20460 16138 16143
20461 16143 16142
20463 16141 16312
20464 16144 16138
20465 16144 16143
20467 16142 16319
20468 11321 16146
20469 16147 16146
20470 16148 16149
20472 16151 11336
20473 16321 11440
20474 16143 16152
20475 16152 16147
20476 16144 21785
20477 21785 16152
20479 16153 16148
20480 16115 16148
20481 16115 21785
20482 16116 16153
20483 16152 11648
20484 16115 16155
20485 16156 21789
20486 16157 16116
20487 16114 16153
20488 16329 16114
20489 16158 16159
20490 12168 16158
20491 12169 16158
20492 16117 12202
20493 16160 16161
20494 16140 16162
20605 21789 16157
20608 16161 12169
20609 12169 12306
20610 16159 12243
20611 21790 12243
20612 11648 16318
20613 16155 11901
20614 11640 11901
20615 11441 11321
20616 16319 11441
20617 11440 16151
20618 16323 11440
20619 11435 11336
20620 11296 11297
20621 17523 11296
