NbNode NbEdge POD
192 242 97
20773
20774
20783
20785
20786
20835
20837
20838
20839
20840
20841
20842
20843
20852
20861
20862
20863
20864
20865
20866
20867
20868
20869
20870
20871
20872
20873
20875
20876
20877
20878
20879
20883
20884
20886
20887
20897
20900
20901
20902
20903
20904
20906
20907
20908
20909
20910
20911
20912
20913
20914
20915
20916
20917
20918
20919
20920
20921
20922
20923
20924
20925
20926
20927
20928
20929
20930
20931
20932
20933
20934
20941
20942
20943
20946
20960
20961
20962
20963
20964
20965
20966
20967
20968
20969
20970
20971
20989
20988
20990
20991
20992
20993
20995
20996
20997
20999
14369 20897 11134
14371 20897 20901
14447 11188 20861
14448 11179 11188
14462 11200 20897
14475 20902 11211
14480 20861 20862
14484 20900 11200
14485 20920 11211
14491 11188 11224
14492 11224 20900
14495 11227 11228
14496 11228 11211
14506 20920 11236
14513 20862 20863
14518 11200 11245
14519 11245 11227
14536 11236 11258
14545 11258 11265
14568 20863 20870
14570 11224 11288
14571 11245 11288
14587 11288 20906
14602 11228 20912
14609 20869 20870
14610 20912 11288
14611 20852 20869
14612 11265 20921
14618 11265 11325
14622 11325 11327
14627 20923 20921
14628 11327 20923
14629 20926 11325
14630 20871 20903
14631 20871 20869
14635 11337 20912
14645 11347 11337
14646 20921 11347
14647 11348 11337
14650 20913 20912
14651 20913 11348
14652 11352 20926
14654 20922 11347
14661 20906 11361
14663 11363 20922
14664 11363 20926
14666 20871 20904
14667 11361 20904
14668 20904 21877
14672 20904 11366
14676 20904 20907
14677 20913 20907
14685 20927 11352
14691 11384 11352
14701 20913 20914
14702 20914 11348
14704 11366 11395
14705 11396 11363
14707 20904 11398
14711 20865 20837
14714 11397 20841
14715 20852 11405
14716 11405 20867
14717 11405 20865
14720 20865 11408
14722 11384 11410
14723 20932 11410
14724 11398 20910
14725 20914 20910
14731 20908 11398
14732 20914 20918
14733 20918 11396
14734 11366 20867
14737 11421 11396
14738 11421 20927
14739 11408 20864
14740 20872 11395
14742 11425 11410
14746 20928 20929
14747 20864 20842
14754 20924 11436
14757 11436 11439
14758 11384 11439
14760 20924 11442
14761 11442 11421
14762 20910 20911
14763 20914 20917
14764 11439 20930
14765 20929 20930
14766 11446 20911
14769 11449 11446
14770 20917 11449
14771 11450 11442
14772 11450 20924
14773 11410 11451
14778 20930 11451
14782 11451 11425
14783 20839 11457
14787 20842 11461
14788 20915 11446
14789 20843 20839
14790 11397 20843
14791 11461 20843
14794 20909 11395
14799 20865 20868
14800 11471 20843
14804 20866 20843
14805 20866 11408
14806 11475 20917
14808 11450 20925
14809 11477 20773
14810 11478 11451
14815 11457 11483
14818 20774 11477
14819 11483 20774
14821 20931 11478
14824 11471 20840
14825 11490 11450
14826 11490 20931
14831 11475 20919
14833 11451 11496
14836 11498 11475
14837 20925 11498
14841 11449 20916
14842 11502 20925
14843 11490 11502
14847 11505 11471
14848 11505 20866
14850 11507 11490
14851 11507 11478
14855 20911 11510
14857 20933 20909
14858 20961 11502
14860 11510 20933
14862 11515 20933
14864 11410 20989
14865 20868 20884
14876 20884 20887
14878 20887 11515
14879 20783 20774
14880 20883 11529
14882 11498 20960
14883 20960 20961
14886 20967 11507
14887 11534 11505
14888 11534 20877
14889 11534 20883
14890 20942 20960
14892 20884 11529
14893 20916 11538
14894 11538 20942
14898 11542 11502
14899 20989 11543
14903 20840 20838
14909 11551 11538
14910 20941 11551
14911 11553 11523
14912 11553 20783
14913 11515 11554
14914 11555 11534
14915 20934 20941
14916 11510 20934
14918 20989 20988
14919 20988 11543
14922 11555 20876
14924 20962 20967
14925 20886 20887
14926 11565 11523
14935 20988 20968
14937 11575 20886
14938 11576 11553
14940 20934 20943
14941 11538 20943
14944 20785 11553
14948 20968 11584
14949 11584 20967
14953 20963 20962
14957 20878 20876
14959 11593 20943
14960 11593 11542
14964 20786 11576
14968 20875 11576
14969 20875 11555
14973 20943 11604
14974 11604 11593
14976 11606 20988
14977 11606 20990
14980 20946 11593
14982 20965 20963
14984 20965 11612
14986 11612 21894
14989 20785 11616
14990 11616 20786
14994 20879 20878
14996 20879 11622
14997 11622 20875
14998 11623 11584
15001 20991 11606
15003 11627 11622
15006 20969 11623
15007 11612 20946
15012 20873 11616
15021 11623 20991
15024 20995 20996
15029 11649 20873
15030 11649 20875
15035 11623 20965
15048 11661 20993
15049 11661 20995
15050 20996 11661
15051 11661 20991
15052 11663 20965
15057 20946 20964
15058 20964 11663
15062 20997 20996
15087 11687 11663
15088 11663 20966
15089 11687 20966
15093 20971 11623
15099 11696 20971
15100 11696 20992
15102 11699 11661
15107 11649 11703
15108 20966 20970
15109 11705 20997
15110 20992 11699
15113 11696 11708
15114 20970 11708
15123 11708 11716
15124 11716 20999
15143 11716 11732
15144 11732 11699
20132 20773 15864
20133 15865 15866
20134 15867 15865
20135 20773 15868
20136 20835 15867
20138 15864 15872
20139 15864 20835
29653195 21877 11366
29653208 21894 20965
29653269 20835 11397
