NbNode NbEdge POD
207 210 37
21917
16324
16331
16332
17581
17582
17583
17584
17585
17586
17589
17590
17591
17592
17593
17754
21921
21794
21798
21956
21934
21915
21916
21918
21919
21920
21935
21936
21937
21938
21939
21955
21971
21965
21972
21973
21974
14891 11537 11434
14954 11588 11537
15009 11632 11588
15045 11659 11632
15216 16324 11659
15458 11970 16324
15652 12112 11970
15718 12163 12164
15730 12175 11934
15763 12199 12163
15783 12105 12215
15814 12238 12112
15849 12266 12238
15884 11970 21934
15918 12320 12321
15923 12325 12320
15937 12321 12337
15941 12164 12340
16004 12429 12430
16032 12470 12325
16042 12337 12480
16043 12215 12480
16055 12470 12489
16058 12492 12175
16059 12492 12493
16060 12340 12492
16064 12489 12497
16069 17582 12480
16086 12514 17582
16088 12514 12516
16090 12516 12199
16098 12497 12523
16099 12523 12524
16113 12535 12536
16115 12538 12539
16116 12524 12535
16117 12536 12538
16119 12541 12542
16120 12539 12541
16147 12560 12266
16261 12542 17581
16265 12493 12650
16269 21935 12560
16308 12650 12678
16349 12707 21935
16350 17581 12707
16364 12717 12492
16431 12758 21794
16438 12430 12470
16518 17585 12812
16527 12818 12707
16558 12840 12717
16573 12849 12429
16603 12874 12849
16607 12758 12877
16635 12812 12897
16644 12897 12906
16728 12973 12874
16801 12906 13030
16827 13050 12840
16910 13103 12818
16920 13112 12973
16935 13030 13124
16941 13127 13050
16963 12877 13143
16986 13162 13112
17202 13310 13103
17234 21936 13162
17264 13143 13352
17363 13425 13310
17380 13437 21936
17394 13449 13437
17415 17584 13127
17529 13352 13545
17610 13609 13425
17634 13628 13449
17698 21950 13628
17732 13698 13609
17770 13724 21950
17771 13724 17584
17788 13545 13734
17845 13545 13772
17963 17590 13907
17976 13924 13698
18002 21936 13948
18011 13954 13724
18070 13997 13924
18076 14002 13954
18077 14003 14002
18093 13772 14013
18099 14018 14003
18100 14018 21938
18135 14013 14046
18136 21915 14018
18146 13609 21974
18162 14013 14065
18189 16332 13997
18203 14046 16331
18204 16331 16332
18226 21916 21915
18238 13948 21937
18265 14130 21916
18299 14151 14130
18300 14151 21939
18333 16332 14175
18410 14221 14151
18413 17586 14221
18430 14235 17586
18535 21798 21919
18536 14175 14299
18610 14351 14235
18612 14353 14351
18629 14365 14353
18630 14365 21798
18637 13948 21956
18646 21919 21920
18657 14387 14365
18662 14390 14387
18664 21917 14235
18672 14299 14398
18673 14398 21955
18685 13907 14390
18695 17589 21949
18697 14414 17590
18698 14415 14414
18699 21949 21917
18700 14416 17589
18702 14416 14418
18703 14418 14415
18723 17591 14416
18731 14439 17591
18737 17591 14447
18738 17754 14449
18750 14460 14439
18804 14398 14506
18817 14520 14447
18818 14520 14460
18819 14460 14521
18821 14449 21921
18824 14520 17592
18839 21917 21918
18840 17592 14449
18847 14521 14546
18875 14506 14572
18876 14572 21965
18904 14594 21921
18914 14546 14604
18925 14572 14613
18932 14604 14622
18936 14622 14626
18940 14626 17593
18947 17593 14636
18964 14626 14651
18967 14636 14653
18973 14653 14659
18974 14659 14660
18978 14660 14664
19009 14613 21972
19046 14664 14717
19051 14717 14722
19058 14722 14728
19059 14728 14729
19125 14729 14784
19149 21972 14803
19168 14817 14784
19183 14828 14817
19192 14837 14828
19213 14855 14837
19230 14803 14869
19272 14869 14907
19278 14907 17583
19279 17583 14914
19280 14914 14915
19288 14915 14922
19293 14922 14927
19295 14929 14930
19299 14927 14933
19303 14933 14936
19304 14936 14929
19310 14936 14940
19311 14936 14941
19313 14930 14943
19314 14943 21973
19316 14940 14946
19320 14946 14950
19326 14950 14954
19330 14954 14959
19331 14943 14960
19332 14959 14961
19333 14961 14962
19341 14962 14968
19342 14960 14969
19343 14968 14970
19355 14970 14980
19357 14969 14982
19358 14982 14983
19361 14980 14986
19362 14941 14987
19365 14986 14989
19371 14989 14995
19373 14995 14997
19375 14997 14999
19377 15001 15002
19380 15004 15001
19383 14987 15006
19384 15006 15004
19403 14982 15021
20499 17585 21938
20622 12678 17585
29653143 21956 21971
