NbNode NbEdge POD
75 100 13
16300
16301
16302
17787
16304
16306
16307
16308
16309
16310
16311
17780
17786
12524 9771 9772
19225 14864 14865
19234 17780 14871
19235 14871 17780
19236 14871 14809
19260 17780 14897
19264 17780 14901
19265 14901 14864
19266 14901 17780
19267 14902 14897
19269 14904 14901
19270 14865 14904
19277 14865 14912
19283 14912 14918
19284 14912 14919
19285 14920 14904
19286 14918 14920
19289 14918 17786
19291 14919 17787
19292 14926 14920
19296 17787 14931
19297 17786 14932
19298 14932 14926
19300 14931 14932
19301 17787 14934
19302 14935 14902
19305 14937 14935
19306 14937 14901
19307 14926 14937
19315 14931 14945
19317 14934 14947
19321 14951 14945
19322 14934 14951
19323 14947 14951
19334 16306 14947
19337 14932 9771
19338 14945 9771
19339 9771 16302
19347 16300 16302
19350 9772 16304
19351 14977 16304
19352 16301 14937
19353 16301 16300
19356 14981 16306
19359 16304 14984
19366 14990 14984
19368 14992 16301
19370 14994 16301
19374 14998 14994
19376 15000 14935
19378 15000 14998
19385 15007 16304
19386 15007 14951
19387 15007 15008
19388 15009 15007
19391 16304 15012
19392 15007 15012
19393 15012 15013
19394 15014 15007
19395 15009 15014
19397 15012 15016
19398 15014 15016
19400 15016 15018
19401 15019 15009
19405 15023 15000
19410 15018 16307
19411 9772 15028
19412 15028 14990
19416 15032 15019
19417 15033 15014
19419 15033 15035
19420 16308 16307
19424 16308 15033
19425 15035 15032
19426 15040 15023
19432 15046 16308
19434 15048 15028
19437 16309 15048
19438 16309 15046
19439 16309 15033
19441 15052 16309
19442 15053 15035
19444 15053 15055
19448 15059 15048
19450 15040 15061
19451 15061 14992
19456 15066 15059
19461 16311 15052
19462 15066 16311
19468 16311 15075
19471 15078 15066
19473 15059 15080
19498 15101 15078
19516 15061 15116
19517 15080 15116
19525 15123 15101
19529 15126 15123
19551 15116 15144
19555 15144 16310
19556 16310 15126
