NbNode NbEdge POD
970 1271 395
19516
19517
19518
19519
19520
19521
19523
19524
19525
19526
19527
19528
19529
19793
19794
19798
19797
19800
19801
19802
19837
19838
19843
19844
19845
19846
19847
19848
19849
19850
19851
19852
19853
19854
19855
19856
19857
19858
19859
19860
19861
19862
19863
19864
19865
19866
19867
19868
19869
19870
19871
19875
19873
19874
19877
19878
19879
19881
19882
19883
19884
19885
19886
19887
19888
19890
19891
19910
19911
19912
19913
19914
19915
19916
19917
19919
19920
19921
19922
19923
19924
19925
19926
19927
19928
19929
19932
19940
20423
20424
20425
20427
20429
20430
20431
20432
20445
20446
20447
20448
20449
20450
20451
20452
20453
20454
20455
20456
20457
20458
20459
20461
20462
20463
20464
20465
20466
20467
20468
20469
20470
20471
20472
20473
20474
20475
20476
20477
20478
20479
20480
20481
20482
20483
20484
20485
20486
20487
20488
20489
20490
20491
20492
20493
20494
20495
20496
20502
20498
20499
20500
20501
20503
20504
20505
20506
20507
20508
20509
20510
20511
20512
20513
20514
20516
20517
20518
20519
20520
20521
20522
20523
20524
20525
20526
20527
20528
20529
20530
20531
20532
20533
20534
20535
20536
20537
20538
20539
20540
20541
20542
20543
20544
20545
20546
20547
20548
20549
20550
20552
20553
20554
20555
20556
20557
20558
20559
20560
20561
20562
20563
20564
20565
20566
20567
20568
20569
20570
20571
20572
20573
20574
20575
20576
20577
20578
20579
20580
20581
20582
20583
20584
20585
20586
20587
20588
20589
20590
20591
20593
20594
20595
20598
20599
20601
20602
20603
20604
20605
20606
20607
20608
20609
20610
20611
20612
20613
20614
20615
20616
20617
20618
20619
20620
20621
20622
20623
20624
20625
20626
20628
20629
20630
20631
20632
20633
20634
20635
20636
20637
20638
20639
20640
20641
20642
20647
20644
20645
20648
20693
20650
20651
20652
20653
20654
20655
20658
20661
20662
20663
20668
20669
20670
20671
20672
20673
20674
20675
20676
20677
20678
20679
20680
20681
20682
20683
20684
20685
20686
20687
20688
20689
20690
20691
20692
20694
20695
20696
20697
20698
20699
20701
20702
20703
20704
20705
20706
20707
20708
20709
20710
20711
20712
20713
20714
20715
20716
20717
20718
20720
20721
20722
20723
20724
20725
20726
20727
20728
20729
20730
20731
20732
20733
20734
20735
20736
20737
20738
20739
20750
20741
20742
20743
20744
20751
20752
20754
20755
20756
20757
20760
20761
20762
20765
20766
20767
20768
20769
20770
20771
20776
20779
20780
20788
21821
3596 2910 2911
4491 20737 3589
4791 20672 20675
4792 3819 3820
4793 3821 3822
4987 3943 19865
4988 19861 3946
5107 20448 4036
8950 7044 19523
8997 19523 7081
9033 7110 7044
9034 7081 19524
9037 7114 7115
9041 7110 7115
9051 7122 7114
9080 7110 7143
9081 7143 7081
9101 7143 7157
9146 7185 19527
9171 7181 7204
9176 7181 19517
9181 7211 7185
9186 7157 7215
9196 7215 7211
9198 7204 19516
9211 7236 19516
9212 7204 7236
9213 7236 19517
9231 7249 7215
9233 7251 7110
9234 7251 7249
9241 19528 7211
9246 7251 19525
9247 7262 19528
9253 7267 7251
9255 7249 7262
9259 7272 19517
9265 7272 7267
9271 7272 7281
9303 7236 7307
9308 7267 7312
9313 7307 19518
9314 19518 7281
9332 19529 7262
9386 19521 19518
9451 7466 20512
9478 20453 7511
9511 19519 19521
9565 7586 7251
9594 19526 7586
9595 19526 19529
9665 7656 19526
9666 19518 7657
9667 7586 7657
9680 7665 7656
9694 19521 7675
9695 7657 7675
9716 7675 19520
9955 20510 7656
9969 20510 20509
10103 20511 20510
10111 20514 20511
10198 8037 20511
10329 8037 5530
10372 20512 8037
10453 20511 5530
10498 8240 7466
10499 8241 8240
10510 20513 8240
10608 20516 8241
10648 8347 8248
10678 8365 8347
10679 8365 7466
10683 8368 8369
10685 8365 8368
10840 8483 8365
10994 20532 8368
10995 8586 8347
11008 8483 8586
11049 7511 20451
11088 20453 20454
11089 8586 20454
11091 20451 20453
11137 20446 8441
11151 20532 8688
11158 8693 20454
11186 8715 22181
11211 20427 8715
11229 8746 8483
11231 8746 20530
11238 20446 8755
11239 20451 8755
11250 20445 20429
11252 8693 8763
11253 8763 8764
11254 20517 8763
11257 8768 20429
11258 8769 20445
11281 20446 8769
11284 20519 8688
11285 8789 8746
11289 8764 20518
11293 8795 20445
11297 8789 20519
11307 20518 8807
11308 8807 8789
11347 8839 8768
11379 20519 20531
11380 8688 20531
11406 8880 8839
11407 8881 8880
11411 20520 20519
11416 8888 8807
11417 8888 20520
11418 8888 8889
11420 8890 20531
11424 8755 20452
11428 20520 8890
11431 8898 20452
11435 20447 8795
11436 20447 8898
11466 8923 20427
11467 8880 8923
11469 8925 8888
11474 20526 8931
11480 8925 20526
11498 20452 8947
11499 8947 20454
11517 20517 20521
11518 8931 20521
11530 8947 20456
11542 8980 8923
11567 8999 20531
11568 20527 8925
11570 8999 9002
11577 20527 8890
11589 20431 8980
11591 8941 20423
11620 20456 20457
11621 9041 20447
11625 20431 9044
11628 20449 8898
11629 9044 20430
11637 20522 20521
11638 9055 8980
11641 20457 9058
11643 20533 20527
11646 9002 20533
11648 9044 9063
11649 9044 9063
11654 9067 8999
11655 9068 20522
11656 9068 9058
11684 9090 9041
11686 9091 9055
11687 9090 9091
11690 20528 20521
11694 9097 9090
11695 20424 20430
11696 19844 20424
11697 9100 9055
11701 9103 20423
11702 9103 19844
11705 4036 9091
11711 9109 20528
11714 9112 9097
11715 20450 9112
11717 9115 9109
11719 9109 20524
11721 20523 9068
11726 9112 20448
11727 20524 20523
11729 9123 9115
11730 9124 4036
11731 9124 20448
11733 9091 9126
11734 9124 9126
11741 20450 9132
11747 9132 20458
11749 9058 20458
11750 9138 9124
11751 9138 9112
11753 9140 9138
11754 9126 9140
11755 20458 20523
11759 9143 20533
11760 9143 9067
11764 9146 9103
11766 9148 9123
11767 9148 20533
11770 20529 9115
11777 9156 9100
11778 9157 9148
11779 9063 9156
11780 20455 9132
11781 20535 9143
11782 20534 9148
11784 20535 9162
11793 9170 20534
11794 9171 20450
11795 9162 9170
11797 9103 9173
11798 9173 19843
11801 9176 9138
11803 9178 9171
11805 20459 20455
11806 20458 20459
11810 9184 20535
11822 20432 9156
11823 9194 19843
11825 9194 19837
11829 9176 9198
11834 20545 9203
11839 20467 9212
11845 9219 20545
11847 20617 9223
11848 9224 20617
11850 20682 20681
11851 9229 20682
11852 20676 20677
11854 20615 20608
11855 9236 9237
11856 9238 9239
11859 20710 20712
11860 9244 20682
11862 9247 20709
11865 9224 20629
11866 20633 20629
11869 20623 9258
11873 9264 20704
11876 9269 20620
11878 9273 19926
11929 20525 20523
11930 9344 9345
11932 9344 9346
11933 9346 9178
11935 19844 20425
11936 20424 20425
11939 20539 9157
11943 20425 9351
11944 9352 9176
11945 9352 9171
11946 19838 9194
11954 9170 9358
11955 9359 9360
11956 20486 9352
11957 20486 9346
11958 9359 20539
11964 9351 9367
11971 9184 9372
11972 9373 9345
11973 20455 9373
11975 20538 20525
11976 20538 9360
11982 9372 9379
11986 9382 20539
11995 9389 20432
12002 9126 20467
12007 20467 9389
12008 20554 9382
12009 9372 20554
12019 9389 20462
12021 19837 19855
12023 9407 9367
12024 9407 20462
12025 9408 9382
12026 20554 9408
12036 9415 20425
12037 9415 9146
12044 9422 9359
12049 9426 20486
12050 9373 9426
12051 9427 9422
12052 9427 9408
12054 20458 9429
12055 9429 20525
12057 20488 9426
12060 20538 9434
12061 9434 9360
12066 19862 9146
12070 19858 19837
12073 19855 9444
12075 19862 19838
12089 9456 9184
12094 20554 9456
12096 9429 9460
12112 20490 9460
12113 9474 20490
12120 20462 20463
12124 9460 20540
12125 20540 20538
12132 9426 20487
12140 19864 19862
12142 20461 9415
12149 9500 19858
12150 9501 9474
12151 19856 9500
12152 9501 20489
12153 9450 9504
12154 20540 9505
12155 9505 9422
12159 19864 9508
12161 9510 20554
12162 20487 9511
12163 9511 20488
12164 9511 20489
12165 20461 9508
12172 9516 9427
12173 20468 20487
12174 20541 9505
12176 9510 9516
12184 20543 9516
12185 9505 20543
12189 9528 9456
12191 20544 20543
12193 9528 9510
12194 19846 19845
12198 19845 9535
12203 20555 9528
12204 9535 9540
12205 9540 19847
12206 20536 20490
12208 19863 19864
12211 9545 20544
12216 9540 19848
12217 9444 19848
12218 9550 20461
12219 20468 20485
12222 9550 9553
12223 19848 9554
12224 9554 9444
12226 9547 9556
12227 9203 9545
12228 9557 9550
12229 9504 9558
12232 9553 9561
12233 20544 9562
12235 9553 9564
12236 20463 9564
12238 9566 9500
12239 9554 9566
12242 9566 19857
12243 9570 9508
12245 9556 19846
12247 9556 19794
12248 9570 9557
12250 20542 9203
12251 20537 20542
12256 9561 20464
12257 20464 9564
12260 9558 19793
12261 19793 9524
12262 19794 19793
12263 3943 19863
12264 19865 9570
12265 9219 9545
12266 9212 9564
12270 20546 20536
12271 20546 20537
12272 9562 9582
12274 20491 20494
12275 20494 20536
12281 20492 9511
12284 9591 19838
12285 3943 9591
12292 9582 20559
12293 9598 19857
12294 20468 9212
12310 9609 9212
12312 9611 20491
12313 9611 20494
12314 20547 20542
12315 9613 9611
12317 20546 20547
12318 9591 19860
12320 19860 9598
12332 9623 9624
12333 9623 20464
12339 20469 9609
12352 20495 9613
12353 20495 20546
12358 9647 9219
12360 9647 20547
12369 9219 20556
12381 9582 9664
12382 19857 19859
12397 9675 20492
12398 9676 9675
12399 9677 20495
12403 20496 9675
12404 20496 9677
12405 9682 9675
12411 9598 3946
12412 9690 19865
12413 9691 9690
12416 9693 9690
12417 19860 9694
12418 9694 9694
12420 9694 9693
12421 9696 9682
12422 9696 20496
12426 19798 19793
12430 20556 20557
12435 20470 20469
12436 19846 9706
12438 9651 9707
12439 3946 19860
12447 9713 9623
12449 20549 20548
12450 20549 20550
12462 9713 20466
12464 9609 20471
12467 9730 20547
12468 9730 9647
12471 20552 9730
12472 20557 20558
12476 20558 20553
12482 20553 20552
12490 9746 20549
12491 9746 9730
12492 3822 9693
12493 9747 9696
12494 20471 9748
12502 19859 19866
12503 19866 19861
12506 20465 9713
12507 3822 20465
12514 20493 9747
12521 19861 9767
12526 9707 9774
12527 20477 20470
12537 20576 20558
12538 9748 3819
12539 9786 20552
12540 20563 9786
12544 9788 9786
12545 20472 20465
12548 20563 9792
12549 9793 20471
12555 9706 9798
12556 9798 19849
12562 9767 9806
12567 19867 9806
12575 9792 20577
12576 20577 20576
12583 3819 9822
12584 9822 9682
12585 20472 20474
12588 9826 9747
12589 9826 20500
12601 20503 9826
12609 3820 9748
12610 20579 20576
12616 20500 20501
12621 20564 20563
12622 20504 20503
12625 9822 9853
12628 9853 20502
12629 20502 20501
12630 9694 19875
12631 19875 3821
12636 19875 19867
12644 9864 20477
12645 20478 9864
12647 9867 9826
12650 20504 9867
12652 19798 19800
12656 9874 9875
12657 9876 20474
12658 9877 19875
12661 19800 9880
12662 20478 9874
12664 19868 19867
12669 9864 20474
12670 20578 20577
12672 20560 9788
12677 9774 19797
12678 19797 19798
12679 9875 9892
12680 9880 19797
12682 9893 19800
12684 20578 9895
12685 19873 9877
12687 9898 19868
12688 9898 19873
12689 19797 9899
12691 20479 9793
12692 3820 20479
12693 9892 9902
12694 20479 9902
12695 9903 9893
12697 9902 9905
12701 9908 9535
12702 19866 9908
12706 9911 20564
12707 9911 20578
12708 20561 20504
12709 20561 20560
12710 9864 9913
12711 9902 9914
12712 9914 9913
12713 20478 9914
12714 9915 9867
12717 9917 9893
12718 9798 9917
12721 9917 9919
12725 19852 9919
12726 19852 9908
12727 9915 20505
12729 20475 9876
12730 20565 20562
12741 9937 19875
12742 20475 9937
12743 9938 20561
12744 20562 9938
12750 20566 20565
12751 9913 20475
12756 9948 19800
12760 9899 9952
12761 9952 9880
12770 9960 9911
12773 20567 20566
12774 9960 20567
12777 9967 9915
12778 9967 20561
12779 9937 20473
12780 9969 9960
12785 9877 19874
12786 9974 20578
12789 20580 9974
12802 20568 9938
12807 19853 9919
12808 20588 9974
12809 9948 19801
12816 9952 9997
12818 20571 20567
12830 9969 20589
12831 20589 20588
12833 10010 20566
12834 9853 20507
12838 10014 10015
12840 10010 20569
12841 9913 10018
12842 9914 10018
12843 10019 9908
12845 20569 20568
12846 20589 10021
12849 10024 20507
12850 10024 9967
12853 10021 20583
12855 19870 10019
12856 9898 19870
12861 19874 10032
12862 20480 10018
12863 19802 19801
12864 9948 19802
12865 19802 9903
12866 19802 9917
12867 19853 19802
12869 20482 20479
12870 20498 20482
12872 10037 9969
12873 10038 10024
12874 20573 20571
12877 20568 10038
12880 10044 20589
12881 10044 10006
12885 10046 10010
12886 10015 10047
12889 10049 20482
12890 10050 20602
12891 10050 10052
12892 20573 10046
12894 10037 20573
12897 20581 10037
12898 20583 20581
12900 10046 20572
12907 20498 10014
12929 10078 20603
12930 10080 10050
12931 10081 20480
12934 19869 19871
12935 10049 10081
12936 19871 19870
12937 10018 10085
12938 10086 20581
12939 19871 10032
12940 20582 10086
12942 20595 10006
12943 10090 10080
12944 10047 10091
12945 10092 10044
12946 10093 19853
12947 10094 20582
12948 10094 10021
12952 20508 10038
12953 20569 20508
12955 10092 10099
12956 20586 10094
12958 10099 20586
12959 10102 10078
12963 10106 10080
12964 20603 10107
12966 10109 10090
12967 10109 10102
12969 10107 10111
12970 10112 10106
12972 19869 19870
12975 10106 10116
12976 20481 10081
12978 10116 10109
12983 10018 10122
12988 20604 10109
12989 10127 10085
12990 10122 10127
12992 10129 20604
12993 20594 10099
12995 20508 20506
12997 10110 10133
12998 20584 10086
12999 20586 20584
13001 10111 10136
13002 10136 10137
13009 20498 20506
13011 10144 19850
13012 10144 19802
13013 20575 20574
13019 20598 10092
13020 20585 20584
13031 20605 10102
13032 20605 10111
13037 19875 20476
13040 10166 10167
13041 10166 10129
13042 20476 20473
13043 10085 20476
13044 9908 19854
13045 20570 20508
13046 20570 20574
13048 10171 10049
13049 10091 10171
13050 10172 10173
13053 10174 10144
13054 10175 10129
13055 10175 20605
13056 10127 10176
13057 10174 19851
13058 10178 10179
13059 10166 10175
13060 10180 10175
13061 10180 20605
13062 10091 20499
13063 10182 20601
13064 10179 20601
13065 10167 20601
13066 20587 20586
13067 20587 20594
13068 20585 20575
13070 10185 19802
13071 10186 20585
13075 19877 19871
13077 10191 10186
13078 20484 20483
13079 20484 10171
13080 10194 10180
13081 20499 20484
13082 20605 10195
13091 20606 10202
13093 10204 10194
13094 10204 20606
13095 10205 20599
13098 20591 20593
13099 20593 20594
13100 10210 20481
13101 10210 20483
13102 10205 10182
13106 20590 10191
13107 20590 20591
13108 10136 10213
13110 10195 10213
13112 10215 20598
13115 10217 20593
13116 20670 20570
13117 20670 20575
13118 10219 20590
13119 10220 10182
13120 10220 10166
13122 10222 10204
13123 10223 10172
13124 10215 10223
13128 10226 10222
13129 10213 10227
13130 10227 10228
13132 10230 10205
13133 20707 10215
13134 10230 20707
13135 10223 10232
13136 10232 10217
13137 10233 10232
13140 10235 10230
13141 10235 10220
13142 20707 9238
13143 9238 10233
13144 10236 10222
13145 10236 10226
13146 10236 20715
13147 10227 10238
13148 20506 20633
13149 9237 10219
13150 9237 10217
13151 10174 10239
13152 10220 20714
13153 10194 20714
13154 20499 10241
13155 20681 9237
13157 10242 10235
13160 20633 10241
13162 10239 19910
13165 10242 10247
13166 20670 20633
13167 20615 10122
13173 10250 20615
13174 10251 10210
13175 10251 10250
13176 9223 20484
13177 9223 10251
13178 10252 19877
13179 20608 10253
13180 20608 10176
13181 10241 9224
13182 20677 20670
13183 20677 10191
13184 10254 10133
13185 9236 9229
13186 10176 20607
13187 10253 20607
13189 10257 10252
13190 10257 19877
13193 10236 20717
13194 9997 10260
13195 10261 20714
13196 10260 10262
13198 10264 10257
13199 10264 10257
13200 20717 10265
13201 20708 10242
13203 10267 10261
13204 10265 10267
13205 10268 10185
13206 10269 10253
13207 10270 10265
13208 10271 10264
13209 10271 20476
13210 10247 20710
13211 20607 10271
13212 20678 20677
13213 10219 20678
13216 9239 10275
13217 20708 10275
13218 10238 10276
13219 10276 10277
13220 20716 10267
13221 10275 10279
13222 10280 10261
13223 20716 10280
13224 10281 9236
13225 19881 10254
13226 10262 19881
13228 20709 10275
13230 20709 10279
13231 10279 10281
13235 20717 10288
13238 10288 10270
13239 10290 19854
13242 19917 10290
13243 19869 19917
13245 10252 10293
13248 10260 19883
13249 19886 10268
13253 20679 20676
13254 10300 20678
13257 10250 20616
13259 10304 9244
13260 10279 10304
13261 9244 10305
13262 10305 10300
13263 20715 20726
13268 10311 20709
13269 20712 10311
13270 19917 10312
13271 10293 10312
13273 20609 10269
13280 19887 19886
13281 10320 19887
13283 10321 10305
13284 10321 20683
13285 10304 10321
13286 10323 10324
13287 10323 10300
13291 10311 10328
13292 20711 9247
13296 19911 10320
13297 19912 10093
13298 20725 10288
13300 10276 10337
13301 10269 10338
13302 10338 20615
13304 10337 10339
13305 10340 10341
13306 10342 10239
13307 19912 10342
13308 10343 20716
13311 10343 10340
13312 20711 10321
13313 10276 10346
13314 10337 10346
13315 19911 10342
13318 20629 10348
13323 19913 10290
13329 10356 10357
13330 10356 10343
13331 20671 20679
13332 20669 20633
13333 20669 10360
13334 10360 20671
13335 10361 19886
13336 19887 10361
13337 20617 10362
13338 10362 20629
13341 20671 10364
13342 10364 10323
13343 10357 10311
13345 10364 20680
13346 10367 10338
13348 20713 20711
13350 19882 19881
13351 19882 10260
13352 10372 10356
13353 10372 20725
13355 10374 19882
13356 10361 10375
13358 10375 10374
13359 10348 20634
13360 10357 20713
13363 21987 10372
13364 10346 10381
13365 19913 10382
13366 10360 10383
13369 2911 19882
13370 10382 19912
13372 10386 20671
13374 19878 10298
13380 10393 10374
13381 10375 10393
13382 2911 10394
13383 10393 10394
13384 10133 10395
13385 10395 19878
13387 10338 20618
13388 20618 20616
13389 20618 10362
13391 2910 10394
13393 20609 20610
13396 21987 20718
13397 10403 10372
13399 10395 2910
13400 10405 10321
13401 10337 10406
13402 10406 10407
13405 19878 10409
13406 10410 10348
13407 20688 10405
13414 10418 19913
13416 20720 20711
13420 10423 20618
13422 19888 10320
13424 20688 20689
13425 20689 20720
13427 10312 10418
13428 10428 20725
13429 10381 10428
13432 20722 20720
13434 19885 10393
13435 19888 19885
13436 19919 10293
13437 20718 20722
13444 20684 10405
13447 10381 10441
13448 10406 10441
13449 10442 10403
13450 10442 10443
13451 20727 10428
13452 10367 20619
13453 20619 10338
13454 20619 20618
13455 20727 10442
13456 10446 10423
13458 20635 20669
13459 20613 20610
13460 20613 10367
13461 20634 10450
13462 10450 20635
13463 10451 20727
13464 10441 10451
13467 20730 10441
13470 10451 10456
13471 10394 10457
13474 10460 10403
13475 10461 10442
13476 10409 10462
13477 19911 10463
13478 10382 10463
13482 10461 10466
13483 10466 20727
13488 10460 10461
13491 10473 10446
13497 20619 10477
13498 10477 10446
13501 10479 20635
13502 10410 10480
13503 10450 10480
13505 10481 20619
13508 20618 20631
13509 20631 10480
13511 20630 10473
13512 20631 10487
13513 20631 10479
13518 10406 10492
13519 10462 10493
13523 20685 20684
13524 20788 10492
13525 10499 20788
13526 10479 20638
13527 20669 20638
13528 20675 10386
13529 20675 20684
13535 19920 10257
13536 20607 19920
13539 10505 20630
13540 10505 20631
13541 20724 10460
13543 10508 20727
13544 10508 20731
13546 20672 20669
13549 10477 10512
13553 19884 10457
13554 20611 19920
13555 10492 10508
13556 10518 20688
13557 10518 20691
13558 10481 10520
13559 10520 10512
13560 20638 10521
13569 10487 20632
13573 10534 10505
13574 20632 10534
13577 10536 20724
13578 10536 10537
13579 20636 10479
13580 20636 10521
13583 20611 10540
13589 20614 20613
13590 20631 10547
13591 20614 10481
13592 10548 10536
13593 20612 20611
13594 20612 20613
13598 10547 10554
13599 10554 20636
13602 10556 10505
13604 10521 20673
13605 20614 10559
13606 20729 10508
13607 10559 20612
13609 10537 20728
13610 20729 20728
13611 10563 10457
13614 20690 10518
13621 20675 10572
13622 10572 20685
13623 20687 10572
13624 19921 19920
13626 20674 20673
13627 20674 20672
13630 20720 20721
13637 20692 20690
13642 10463 10590
13643 20637 20636
13651 20723 10548
13652 20692 20723
13660 10492 10604
13664 10572 20686
13665 20686 20690
13666 19914 10590
13667 19914 10418
13672 10604 10611
13676 10604 10613
13677 10614 20674
13678 20686 10614
13679 10520 20620
13680 10556 20620
13681 20732 10613
13682 19921 19922
13683 19922 10540
13685 10613 10618
13686 10619 10508
13687 10619 20732
13688 20686 20702
13692 10556 10623
13702 10632 10619
13704 20742 20728
13706 20674 20694
13709 10639 20644
13712 20674 10642
13714 10642 20696
13715 20696 10614
13716 20702 20703
13717 20703 20690
13721 20744 10619
13724 20693 20674
13725 10652 10559
13727 10653 20614
13728 10653 20620
13729 10654 10653
13730 10654 20625
13733 10657 20692
13742 20686 10664
13744 10657 20703
13746 20639 10534
13747 20639 10669
13748 20639 10639
13749 19923 19919
13751 20645 20644
13753 10623 20639
13754 10657 10674
13756 10675 10548
13757 10675 20742
13759 20694 20695
13760 20695 20696
13761 10678 10563
13762 19920 19923
13770 20612 20621
13776 10687 19884
13777 20648 20637
13778 20648 20693
13780 10674 20733
13781 20733 10675
13782 10691 10652
13786 20624 10691
13787 20624 10654
13789 10697 20744
13795 19926 19922
13797 10664 20704
13798 20703 20704
13799 20743 20733
13802 19922 9258
13803 20621 9258
13804 9258 20624
13807 9258 20622
13813 19927 19926
13816 10715 20743
13817 10715 10697
13823 20645 10719
13824 10719 20648
13828 20623 19927
13830 20697 20695
13833 20626 9269
13834 20734 20733
13839 20734 10657
13845 10733 10654
13847 10735 10719
13850 10737 10715
13861 10747 20648
13867 20639 20640
13868 20640 10735
13882 19916 19914
13892 10765 20623
13895 10768 20640
13899 10772 9273
13900 10772 10765
13909 10777 19928
13910 10772 10777
13919 20735 20734
13920 10786 20735
13925 20641 10735
13926 10790 20697
13928 10791 20735
13930 10793 10768
13931 20626 10793
13933 19916 10794
13934 10794 19923
13935 10795 10791
13936 10796 10687
13937 10797 10678
13938 10765 19929
13939 19929 9258
13942 10800 10796
13943 10791 20736
13944 10800 10802
13950 10493 19879
13951 19879 10800
13957 19929 10811
13960 10802 10813
13961 10814 10747
13965 10813 19890
13966 19890 10687
13972 10824 19879
13973 10824 10825
13976 10797 19890
13984 20698 10790
13985 3589 10833
13986 10833 10795
13988 10777 19925
13993 3589 9264
13994 10833 20737
13995 20647 20641
13996 20647 10814
13998 10768 10841
13999 20642 10768
14000 20628 10733
14001 20628 10793
14013 10852 10824
14030 10865 20650
14031 10865 10814
14041 10852 10874
14047 19924 10794
14048 19925 19924
14054 20738 10795
14055 20738 10833
14067 20647 10895
14091 10895 20651
14096 10920 20628
14097 10841 10920
14101 20654 10865
14115 19924 10934
14118 10811 20628
14120 19915 19916
14123 19891 10797
14124 19891 19915
14141 20699 20654
14142 10945 20752
14147 10960 10920
14148 20642 10960
14155 20701 20698
14163 20699 20701
14164 19890 10972
14165 10972 19891
14169 20705 10790
14170 20705 20737
14179 10981 10960
14183 20752 10984
14189 10990 15712
14190 10990 20750
14206 20741 10990
14207 10984 20741
14222 20651 20653
14227 11021 11022
14228 10852 11021
14237 10984 20751
14240 20653 20652
14241 20706 15625
14244 20652 10981
14249 20653 20662
14250 20662 20654
14251 10920 11038
14260 11043 19891
14271 10920 11056
14275 20755 20701
14276 20706 20755
14287 20768 20751
14320 20765 20741
14321 20765 20768
14329 20662 20754
14340 20754 20755
14345 20766 20765
14395 20663 20662
14420 20769 11172
14421 11118 11172
14450 11191 11043
14486 11172 11219
14494 11038 11226
14497 11229 20765
14501 11219 11229
14508 20767 11229
14516 11244 11191
14517 10934 11244
14529 20770 11219
14530 11253 20770
14531 11056 11254
14544 11264 20663
14562 20757 20706
14604 11314 20757
14613 11229 11320
14614 11320 11314
14616 11323 11264
14641 11264 11344
14656 11344 20756
14657 20756 20757
14670 11226 20655
14671 11369 20767
14679 11369 20771
14682 11377 11323
14698 11390 20655
14699 11391 11254
14721 11409 21821
14728 11414 20756
14735 19940 20655
14744 19940 11409
14767 11447 11414
14768 11448 11391
14801 19932 11244
14802 11409 19932
14812 11480 19932
14814 11482 11459
14820 11448 20661
14823 20661 11390
14853 11509 11369
14854 11482 11509
14856 11511 19940
14859 20779 11509
14863 11516 11480
14868 11377 3100
14884 19940 11531
14900 11544 11545
14901 11509 11544
14902 20780 11509
14929 11569 20757
14930 11545 11569
14933 11572 11511
14934 11569 11522
14991 11617 11569
14992 20761 11617
15022 20658 11572
15038 20780 11654
15056 11667 11617
15069 20760 20761
15080 11667 20760
15139 11654 20776
15149 11736 20760
15159 20776 11736
15222 11736 20762
15246 11817 11667
15247 20762 11817
15283 11817 11846
15286 11817 20668
19920 20739 15625
19930 15641 15642
19931 15641 15643
19932 15644 15641
19933 15643 20536
19947 15665 9786
19954 15677 15665
19959 15685 15686
19960 15685 15687
19961 15688 15689
19962 15690 15691
19963 15690 15688
19964 15692 15685
19965 15692 15690
19966 15688 15693
19967 20503 15695
19968 20503 15692
19969 20546 15697
19971 15700 15644
19973 15644 15702
19979 20739 15712
29653152 21821 19929
29653166 15625 20705
29653167 15712 20738
29653168 20741 20739
29653273 20721 20692
