NbNode NbEdge POD
514 725 177
21074
21076
21077
21078
21079
21080
21081
21082
21083
21099
21102
21103
21104
21105
21106
21107
21108
21109
21110
21111
21112
21114
21115
21116
21117
21118
21119
21120
21130
21131
21132
21133
21134
21135
21136
21137
21138
21139
21140
21141
21142
21143
21144
21145
21146
21147
21148
21149
21150
21151
21152
21153
21154
21155
21161
21183
21195
21196
21197
21232
21233
21234
21235
21236
21237
21238
21239
21241
21242
21243
21244
21245
21246
21247
21248
21249
21250
21251
21252
21253
21254
21255
21256
21257
21258
21259
21262
21268
21269
21270
21271
21293
21294
21295
21297
21298
21299
21300
21301
21302
21303
21304
21305
21306
21307
21308
21309
21310
21311
21312
21323
21324
21325
21326
21332
21333
21334
21335
21337
21338
21339
21340
21341
21342
21343
21344
21345
21346
21347
21348
21349
21350
21351
21352
21353
21354
21355
21356
21357
21358
21359
21361
21362
21363
21364
21365
21366
21367
21368
21369
21370
21371
21372
21373
21374
21375
21376
21377
21378
21379
21380
21381
21382
21383
21384
21385
21386
21387
21388
21389
21391
21392
21393
21394
21395
21396
21397
2294 1831 1832
2529 2033 2034
2559 21339 2063
15846 21133 21130
15847 21133 12220
15857 12271 21133
15939 21131 12271
15961 12367 12368
15974 21139 12387
15975 21147 21145
15980 12396 12367
16000 21138 21137
16001 12424 12425
16051 21132 21131
16052 12488 21133
16054 21132 12488
16087 21134 12488
16089 12499 12517
16108 12531 21134
16114 12537 12531
16122 12543 12485
16131 12547 12537
16132 12517 12547
16158 12568 21134
16161 12547 21161
16162 21161 12543
16168 12575 12576
16218 21161 12613
16221 12614 12575
16224 12568 12617
16234 21144 12614
16235 21144 12576
16238 21149 12568
16242 12629 12630
16246 12633 21161
16247 12633 21149
16248 12634 21135
16249 12634 12617
16250 21149 12617
16281 21144 21146
16282 21146 12664
16283 21146 12634
16290 12669 21161
16306 21139 12629
16307 21139 12614
16315 21139 12682
16326 12368 21146
16332 21139 21145
16333 21145 21144
16334 21145 12697
16359 21136 12712
16372 21183 12633
16373 21183 12669
16416 21076 21078
16417 21137 21136
16418 12682 21137
16430 12425 21183
16441 21077 21074
16442 21076 21077
16444 12765 21077
16458 21078 12772
16459 12772 12377
16460 12772 21137
16477 12779 21147
16508 21150 12396
16516 12425 21150
16519 21140 21137
16520 12387 21140
16529 12820 21138
16530 12820 21140
16535 12824 12779
16536 21150 12824
16538 21140 12820
16542 21077 12829
16547 12824 12833
16556 21148 12779
16557 12833 21148
16559 21079 21078
16560 21079 12772
16561 21079 21138
16562 21079 12820
16563 12829 21079
16571 12847 12833
16600 12855 12871
16631 12894 12871
16633 12895 21140
16638 12895 12900
16640 21151 12903
16641 21147 12904
16642 12903 12904
16645 12904 12895
16646 12894 21195
16656 12829 21082
16657 21082 21079
16667 12925 12847
16677 12925 12934
16680 21154 21150
16684 21154 12925
16686 12934 21151
16692 12945 21154
16693 12945 12894
16702 21196 21195
16733 21141 21079
16756 21197 21196
16757 12998 12945
16758 21197 12998
16765 13003 21141
16773 13009 21141
16781 21152 12934
16783 12998 21152
16805 13033 21082
16806 21080 21082
16810 21077 13038
16814 13041 12904
16815 13041 21152
16825 13033 13049
16826 13049 13003
16834 13038 21080
16839 21080 21083
16840 21083 13033
16846 21143 13009
16847 21140 21143
16848 21143 13041
16853 21143 21142
16857 13049 21142
16924 21152 13116
16946 21155 12998
16947 13101 21155
16951 13116 13136
16952 13136 21155
16953 13137 21083
16957 21142 13139
16972 13151 13139
16973 13152 13151
16987 13163 13041
16988 13163 13116
16998 21153 13152
16999 21142 21153
17000 21153 13163
17010 13178 13038
17016 21081 13178
17017 21081 21080
17029 13188 21153
17033 13178 13192
17044 13139 13200
17045 13200 21153
17051 13205 13137
17062 21237 13188
17064 13200 13216
17065 21153 13216
17067 13136 21239
17078 13227 13205
17079 13227 13200
17088 21103 13192
17102 13243 13227
17103 13216 13243
17127 13258 13243
17129 13259 21237
17139 13265 13258
17140 13216 13265
17147 1831 13178
17150 21107 21081
17151 21107 13137
17152 21107 13227
17153 13243 21107
17183 13192 1831
17185 13265 21232
17186 21232 13188
17211 13317 13265
17212 13317 21232
17216 21107 13265
17254 1832 21106
17255 21081 21106
17256 21107 21106
17260 13349 21107
17266 13354 21155
17267 21262 13354
17271 13265 13357
17288 13370 13259
17298 21239 13376
17299 13377 13376
17301 13376 13379
17302 13357 13380
17308 13370 13384
17309 13385 13384
17310 13385 13259
17311 13377 13385
17318 21238 21232
17319 13384 21238
17322 13379 13394
17326 21259 13354
17330 13401 13349
17342 13380 13409
17343 13409 13317
17344 13394 13410
17345 21259 13410
17346 21106 13411
17347 13411 13401
17372 13401 13431
17378 21238 13435
17387 13443 21104
17388 21106 13443
17399 13409 21233
17400 13435 21233
17426 13471 21268
17438 13479 13411
17444 21259 13484
17447 13384 21241
17448 21241 13385
17449 13377 21241
17450 21241 13410
17455 13431 21234
17456 21234 13409
17469 21234 13500
17472 13503 21106
17490 21233 13519
17502 21241 13528
17503 13528 21241
17504 13471 13529
17505 13484 21270
17508 21293 13529
17519 13539 13479
17522 13542 13528
17523 13528 13542
17533 21269 21241
17534 21269 13410
17535 21269 21270
17551 13519 21236
17552 21236 21241
17553 13500 21236
17579 13443 21105
17580 13583 13539
17581 13500 13584
17585 13529 21271
17595 13596 21236
17597 21236 13599
17598 13584 13596
17617 13614 13484
17626 13614 13622
17639 21235 13583
17640 21235 13584
17645 21106 13635
17647 13599 13637
17652 13635 21235
17658 13643 13636
17659 21108 13503
17660 21108 13635
17661 13645 13614
17662 21271 13645
17679 13660 21269
17680 13622 13660
17699 13542 21242
17700 21242 13542
17701 21242 21269
17708 13681 13645
17709 13682 13643
17722 13681 13691
17723 13691 13682
17731 21294 13645
17733 13699 21242
17742 13706 13660
17743 13706 13699
17748 13691 21295
17749 13711 13706
17750 13711 21294
17754 21294 13714
17755 13714 13681
17756 13714 13711
17766 13722 13714
17774 13596 21246
17775 13637 21246
17776 21242 21246
17782 13947 21246
17783 21246 13767
17789 21105 13735
17790 13735 21108
17804 13735 21109
17811 13749 13714
17812 13749 21305
17813 13722 21305
17836 13767 21235
17840 13635 13769
17841 13767 13769
17846 13773 13749
17848 13769 21243
17853 21299 13706
17854 21299 13711
17855 13780 13773
17868 13735 13789
17872 21306 21305
17873 13793 21246
17874 13793 21242
17875 13794 21299
17876 13794 13780
17891 13804 21306
17898 21303 21304
17899 21253 13814
17900 21256 13814
17901 13814 21254
17907 13823 21245
17908 13823 21249
17909 13826 13827
17919 13840 13841
17920 13842 21387
17921 13842 13844
17922 13845 21392
17926 13853 21394
17927 13853 13845
17929 13856 21395
17932 13861 13862
17933 13863 21371
17937 13861 21379
17938 13871 13872
17940 13875 13876
17941 13877 13875
17944 13881 13882
17948 21373 13888
17949 13889 13890
17950 21373 21375
17952 13892 21339
17953 21382 13872
17954 13894 13895
17955 13875 13895
17957 13889 13897
17958 21352 13899
17959 13899 21348
17960 13901 13892
17964 13908 21381
17971 13919 13920
17978 13926 13780
17985 21298 13932
17986 21298 13794
17987 13769 13933
17988 13793 21248
17989 13935 21248
17995 13941 13735
18000 21307 13773
18001 21248 13947
18003 13949 13804
18008 21111 13735
18009 13789 21111
18013 13955 21248
18019 13959 13926
18027 21243 13964
18028 13964 13965
18029 13947 13965
18030 13965 21244
18031 13967 13959
18032 13967 21307
18034 21108 21117
18035 13933 21117
18039 13941 21117
18040 21247 13955
18042 13967 13974
18043 13974 13975
18044 13974 21309
18049 13980 13967
18050 21118 13933
18053 21244 13984
18056 13984 21118
18057 13986 13980
18060 13965 13989
18063 21110 21111
18064 13794 13992
18068 21111 21099
18069 21099 21110
18071 21308 13986
18072 13999 21117
18073 13999 21118
18074 14000 13960
18075 14001 13995
18078 21115 13941
18079 14005 13992
18080 21110 21115
18081 13999 21115
18085 14009 21110
18086 21248 21297
18089 14000 14001
18090 21310 21308
18091 13974 21310
18094 13955 14014
18095 14015 21247
18096 14016 13984
18097 14016 13989
18098 21119 13999
18106 14023 14016
18113 14027 14028
18114 14027 14005
18115 14029 13986
18117 13989 14031
18118 14032 21310
18120 14029 14034
18121 14031 14035
18122 14035 14015
18124 14037 14032
18125 14038 14037
18128 14032 21311
18130 21311 14000
18132 14014 21251
18137 21112 14009
18138 21112 21115
18148 21245 14016
18149 14056 14023
18154 21300 14027
18155 13992 14061
18156 14061 14029
18157 14061 21300
18160 14063 14027
18166 14068 14037
18167 21251 21255
18173 21255 14073
18174 21312 14068
18187 14073 21252
18190 21102 21099
18191 14083 14068
18192 14083 21312
18195 21255 14086
18196 14086 14063
18199 14086 21257
18200 13827 14083
18205 14091 21112
18206 21116 14091
18208 14035 21249
18209 14094 21102
18210 21300 14095
18211 14095 14061
18212 21120 21116
18213 21120 21119
18214 21120 14056
18215 14086 21256
18216 14091 21114
18217 21257 14098
18224 21252 21253
18225 21304 14095
18234 21120 14105
18235 14106 14107
18240 14112 14094
18243 21249 21250
18244 21254 21258
18245 14107 21258
18247 21301 14106
18248 14098 21301
18251 21302 21301
18252 21302 21303
18253 14121 21254
18254 21258 14121
18258 14124 14061
18262 14105 21342
18264 14129 14105
18266 21114 14131
18267 14131 21342
18268 14124 21397
18269 13826 21397
18270 14133 21120
18271 13823 14133
18273 21391 21304
18276 21391 21302
18281 21335 21102
18282 21335 21114
18283 14140 21302
18286 21323 14112
18287 21250 14142
18288 14143 21391
18290 21258 21378
18291 21341 14131
18292 21396 14143
18293 21396 14124
18301 14153 21323
18302 14153 21335
18305 14155 21396
18306 14142 14156
18308 21378 14157
18309 14157 14140
18310 14156 14158
18311 14159 14158
18312 14121 14159
18313 21376 14142
18314 14158 21376
18317 14163 14133
18318 14164 14129
18319 14165 21341
18320 14166 21391
18321 2033 21323
18322 14166 14155
18323 21369 13823
18324 21369 21376
18325 21334 14153
18326 21396 14169
18330 21384 14140
18332 14158 14174
18334 21393 14155
18336 14177 14178
18337 14178 14157
18341 14174 14181
18342 14181 14177
18344 21369 21368
18346 21120 14185
18347 14185 14163
18348 14186 21393
18349 21337 14153
18350 21385 21384
18353 14191 14157
18354 21392 14166
18356 14178 14191
18357 21385 21392
18362 21343 21337
18363 21343 14165
18364 21342 21343
18365 21369 21370
18368 14186 14199
18374 21338 2033
18375 21338 21334
18378 13844 21385
18380 21344 21343
18381 21344 14164
18382 21340 21338
18383 21337 21340
18384 21395 14186
18386 13841 21344
18387 13841 14185
18390 21368 21366
18391 21394 21395
18392 14191 21386
18393 21386 13844
18396 14185 13840
18397 21366 13840
18398 21324 21338
18399 14213 13845
18400 14213 13853
18401 14214 13842
18402 13845 14214
18404 21386 14216
18405 21387 14216
18411 14216 14222
18412 14214 14222
18420 21353 13841
18421 21370 13862
18422 13862 21376
18423 13862 14181
18424 21377 13862
18425 14232 13853
18426 14232 13856
18427 14222 14233
18428 14181 14233
18431 14222 14236
18432 14236 14214
18434 13872 13861
18439 14241 21367
18440 21375 21371
18441 14243 13877
18442 13888 14241
18443 14244 21339
18444 14244 21340
18446 14247 14244
18447 14236 14248
18448 14248 14213
18450 14248 14249
18451 14249 14232
18452 13840 14250
18454 14250 21353
18455 14233 14252
18457 14254 14255
18458 21343 14255
18459 14252 14256
18460 14252 21388
18461 14233 14258
18462 14254 14247
18466 14259 21325
18467 21325 21324
18468 21388 14258
18470 13890 21344
18471 21353 13890
18472 13890 14263
18474 14263 14265
18475 14265 14266
18476 14236 21389
18477 14268 14265
18480 14270 14250
18483 2063 14259
18485 14258 13876
18487 21388 14243
18488 14255 14275
18489 14266 14275
18492 14277 14232
18494 13876 13894
18495 14279 14254
18496 14268 14279
18499 21367 14250
18500 14279 21352
18501 21352 14268
18502 14181 13871
18503 13894 13871
18504 14243 13881
18509 21371 14283
18510 21371 21377
18513 21379 13863
18514 21379 13862
18516 14285 13871
18517 13895 14285
18518 21382 14285
18521 14287 13890
18522 13897 14287
18524 21357 14270
18525 14290 13892
18527 14292 14244
18528 14292 21348
18529 21326 14259
18530 14294 13895
18531 14294 13875
18532 21326 14290
18533 14294 14295
18534 14296 21326
18537 14300 14285
18538 14295 14300
18539 14295 14301
18540 14301 14294
18541 14302 14300
18542 13899 21349
18544 21349 14305
18545 14306 14241
18546 14307 14295
18547 14305 21345
18550 21345 13901
18551 21345 14292
18553 14263 21354
18554 14287 21354
18555 14312 13861
18556 14312 21382
18563 14317 21349
18564 21354 14317
18566 14319 21354
18567 14319 14287
18568 21374 14306
18574 21374 14323
18577 14326 21326
18579 14328 21374
18583 14331 14319
18586 14323 14334
18587 14335 14290
18589 14334 21375
18590 14336 21345
18595 14340 14312
18596 21346 21345
18597 14336 21346
18600 14317 14336
18608 21355 14331
18609 21355 13889
18618 14340 21380
18621 14359 13863
18622 14359 14340
18628 21383 14312
18635 14369 14359
18639 14374 14335
18640 14374 21346
18641 13920 21357
18642 13920 14328
18643 14375 21326
18644 13920 21372
18645 21354 21351
18648 14379 14331
18652 14383 14323
18653 14369 14383
18655 21351 21350
18661 21381 14369
18663 13920 14391
18674 21356 21355
18675 21347 14374
18676 21350 21347
18679 14402 14379
18680 14391 14403
18681 21356 14403
18686 14406 14383
18696 14412 14413
18704 14419 14403
18706 21361 21351
18707 21361 14402
18708 21361 14419
18710 21358 14375
18711 21358 14374
18712 21347 21358
18728 21358 14438
18729 14438 21347
18730 21361 14438
18734 21362 21361
18736 14445 14446
18741 21332 21333
18751 14438 14461
18757 21333 14467
18758 21358 14467
18760 21365 14391
18761 21365 14470
18766 14461 14474
18768 21363 21362
18772 14467 21359
18775 14474 14484
18776 14484 21363
18783 21364 21363
18784 14419 21364
18791 21364 21365
18803 14505 14461
18805 14507 14484
20109 15842 14034
20110 14413 21381
20113 15847 14470
20116 15849 14446
20117 14323 15850
20118 15851 21368
20119 14241 14283
20121 15850 14446
20124 15842 21310
20126 13992 13967
20401 13935 21242
20428 21297 16118
20452 21103 16065
20702 14446 13919
20703 14446 15847
20704 14413 14406
20705 15849 14413
20706 14283 21367
20707 14283 15851
20708 14034 14038
20709 21297 14028
20710 13975 13949
20711 13932 13935
20712 16118 13935
