NbNode NbEdge POD
352 463 75
19367
19368
19369
19372
19374
19375
19376
19382
19383
19384
19385
19393
19394
19395
19397
19398
19399
19400
19401
19402
19403
19404
19405
19406
19407
19408
19420
19422
19428
19429
19431
19432
19433
19434
19435
19436
19437
19438
19439
19440
19441
19442
19443
19444
19445
19446
19447
19448
19449
19450
19451
19452
19453
19454
19455
19456
19457
19458
19459
19460
19461
19462
19479
19481
19483
19499
19500
19501
19502
19503
19504
19505
19506
19507
19509
3835 3087 3088
6159 4883 4836
6169 4890 4891
6170 4883 4890
6249 4948 4883
6259 4948 4942
6301 4942 19368
6338 5004 19367
6350 19368 19367
6358 4948 5017
6370 4890 19374
6371 5029 4836
6386 19372 4942
6387 19372 5017
6401 5029 19375
6412 5061 19375
6419 19375 5066
6424 19367 19369
6443 5061 19376
6444 5066 19376
6445 5017 5087
6453 19376 5091
6458 19369 5094
6469 5104 5091
6470 5104 5066
6480 5087 5111
6481 5111 19374
6488 5117 19367
6489 5117 19368
6490 19372 5117
6491 5117 19369
6505 5117 5127
6508 19397 19372
6510 5133 5094
6511 5127 5134
6513 19397 5134
6525 5111 5144
6526 5061 5144
6542 5104 5154
6548 5087 19399
6568 19399 5174
6576 5181 5144
6580 5185 19397
6581 5174 5185
6586 5189 5133
6587 5189 5127
6589 5144 5191
6591 5193 5091
6593 5193 19403
6602 5191 5201
6605 5204 5181
6612 19402 5201
6613 19402 5204
6618 5201 5213
6625 19399 5219
6626 5213 5219
6631 5224 19402
6632 5224 5204
6633 5213 5225
6636 5227 5185
6637 5219 5227
6660 5249 5250
6661 5249 5224
6662 19398 19397
6666 19431 5255
6667 5094 5256
6668 5225 5257
6669 19429 5193
6676 5264 5249
6681 5257 5264
6684 5272 5264
6687 5189 5275
6688 5134 5275
6690 5277 5256
6698 5283 19398
6699 5282 19429
6700 5277 19383
6704 5288 5277
6705 5275 19384
6709 5292 5283
6710 5185 5292
6713 5295 19384
6714 5296 5292
6716 19384 5288
6717 5298 5296
6718 5257 5298
6723 5302 5255
6724 5302 19431
6730 5298 5306
6731 5307 19384
6732 19398 5307
6738 5311 5312
6739 5272 5312
6748 5320 5311
6751 5306 5320
6757 5277 5327
6766 5333 19431
6768 5335 5272
6776 15518 5343
6777 5343 5335
6788 5327 5352
6791 5354 5282
6796 5358 5354
6797 5358 5302
6799 5360 19433
6800 19433 5333
6806 5292 5366
6808 5368 5335
6817 19404 5368
6818 5343 19404
6829 5381 5360
6834 19429 5385
6837 5368 5388
6838 5385 19404
6839 5386 5389
6841 5352 5391
6842 5391 5277
6843 5288 5391
6844 5392 5386
6845 5389 5392
6853 5381 5358
6871 5306 5413
6874 19432 5354
6881 5420 5381
6882 5420 5392
6892 5352 19382
6897 19432 5437
6905 5413 19401
6907 19404 5444
6908 5445 19382
6909 5391 5445
6918 5413 5454
6923 5459 15503
6924 5459 5437
6927 5444 15504
6936 5389 5469
6942 5473 16262
6943 19382 5473
6954 16262 16261
6958 5445 19385
6979 5497 5420
6980 5497 5469
6982 5499 5497
6985 5502 5499
7000 5513 5459
7024 5532 19401
7026 5534 15504
7027 5307 19400
7028 5532 19400
7037 5541 5391
7038 19400 5541
7064 5499 5564
7065 5469 5564
7077 19401 5573
7082 5577 5513
7100 5564 5592
7105 5577 5598
7108 19434 5577
7109 5437 19434
7115 19437 5499
7118 5607 19434
7132 5617 5534
7133 5617 5598
7134 19437 5607
7146 5626 5617
7147 19434 19435
7148 19435 5607
7150 19405 5532
7151 5573 19405
7157 19439 5634
7158 5634 5635
7164 19408 5646
7165 5646 5647
7184 5678 5679
7192 5688 5689
7216 19457 5729
7246 5541 19394
7252 5778 5779
7253 5592 5779
7256 19393 5473
7257 19394 19385
7258 19393 19394
7261 5785 5778
7262 5785 19437
7263 5779 5786
7264 5592 5787
7267 19400 5791
7268 5792 5785
7274 5787 5798
7276 5800 5801
7278 5786 5800
7279 5801 5792
7280 19443 5779
7281 5798 19443
7282 5573 19407
7283 5626 19407
7297 5813 19405
7298 5813 19407
7299 19442 5812
7301 5816 5577
7303 5791 19405
7306 5817 19442
7320 5785 5831
7321 5792 5831
7329 5837 5813
7352 5831 19438
7355 19394 5860
7361 5866 19442
7367 5860 19395
7379 5626 5881
7384 5837 5884
7396 5895 5866
7397 5896 5541
7398 5791 5896
7401 5884 5896
7407 5903 5895
7416 19395 5896
7418 5910 5895
7426 5831 5903
7427 19395 5916
7448 5881 5933
7450 5935 5816
7451 5935 19435
7458 5941 5910
7478 5933 5647
7484 19406 5884
7485 5647 5960
7493 5967 5941
7503 19444 5910
7514 5837 5986
7515 5881 5986
7516 19438 19439
7541 6008 5903
7542 6008 19444
7545 6011 6008
7546 6012 5967
7549 5960 6015
7550 6015 5935
7551 5986 19408
7572 6030 6012
7574 6015 19436
7575 19439 19436
7600 5635 6011
7601 6012 5635
7604 19408 6049
7662 19439 6098
7663 6099 19436
7664 6030 6100
7669 6085 6100
7681 19441 5634
7682 6114 19436
7683 6098 19440
7688 6114 6099
7691 6114 19440
7698 19441 6098
7711 6049 6133
7721 6049 6140
7724 19420 6140
7762 19449 6176
7764 5646 19445
7765 6099 19445
7791 6196 19445
7797 6196 19420
7804 6207 5689
7807 6209 6140
7814 19448 6176
7815 6176 19441
7818 6100 15483
7822 6219 19440
7823 19458 19448
7829 19458 6207
7833 6226 6219
7835 6196 19446
7846 19446 6226
7875 19447 6226
7925 6282 19449
7926 19458 6282
7936 6289 19447
7948 19446 5678
7960 19449 16265
7976 6318 6289
7977 6319 5688
8009 19446 19450
8010 6318 19450
8014 19450 5678
8018 5679 6351
8019 19450 6352
8022 6352 3088
8029 19422 6209
8032 6364 19422
8033 5679 6364
8038 6352 6366
8042 6366 6371
8043 6364 6372
8045 6351 6374
8049 3088 6376
8052 6371 3087
8053 6379 6371
8054 6374 6364
8055 19422 6380
8057 3087 6376
8058 6376 6374
8076 6395 6282
8097 6411 5688
8110 6411 6395
8111 6411 6422
8112 6379 19451
8113 6379 6424
8116 19460 6411
8117 19460 6427
8119 19460 6424
8126 19451 6434
8139 6446 6376
8143 19451 6449
8169 19460 6468
8180 6434 19459
8183 6374 6480
8195 6488 6446
8196 6446 6489
8197 19459 6424
8208 6449 19455
8216 19452 6488
8224 6489 19455
8235 6516 6480
8236 6516 19452
8237 6468 19461
8238 19455 6518
8246 6528 19453
8247 6530 6531
8248 6530 19453
8254 19456 19457
8260 6546 6547
8284 6488 6570
8294 19459 5729
8295 5729 6468
8302 6518 6583
8303 6583 19459
8305 6489 19454
8326 6531 6516
8328 19454 6528
8329 6547 5729
8330 6547 19461
8370 6531 19428
8395 6528 19456
8409 19461 6644
8412 6647 19457
8433 19462 6546
8434 19462 6644
8440 19456 6667
8441 6667 6668
8459 6660 19479
8462 19453 6682
8464 6660 6683
8471 6683 6687
8476 6692 6682
8492 19479 6705
8509 6667 6718
8516 6682 6718
8521 6683 19481
8523 6715 19481
8528 19481 6692
8529 6730 6731
8530 6730 6732
8541 6742 19462
8542 6743 19481
8545 6745 6647
8546 6745 6547
8551 6745 6742
8552 6644 6748
8553 6730 6748
8554 6748 19506
8563 19500 6718
8564 19500 6745
8565 19500 6745
8566 6742 6748
8567 19500 21889
8568 6758 19500
8576 6692 6766
8580 6748 6768
8588 6758 6775
8593 6780 6743
8607 6791 6768
8623 6775 6802
8630 6802 19501
8633 6768 6810
8645 6821 6768
8646 6821 6822
8647 6810 6821
8657 19483 6743
8665 19504 6758
8666 6791 19504
8672 6821 6840
8678 19504 6844
8687 6849 6791
8688 6850 6775
8694 6856 6849
8695 6856 6810
8697 6858 6780
8723 6875 19504
8724 6849 6875
8728 6856 6878
8732 6878 6840
8744 19505 6875
8748 6892 6850
8749 6892 6844
8750 6840 6893
8764 19499 6858
8765 19499 6802
8766 6905 19499
8788 6923 6892
8790 19505 6923
8803 6878 19509
8828 6901 6955
8829 19499 6955
8853 6955 6972
8854 19499 6972
8859 6977 19505
8861 6979 19499
8870 19509 6987
8872 6972 6988
8892 7002 6977
8897 7002 19507
8900 6979 19502
8901 6923 19502
8911 19507 7013
8919 19502 19503
8920 19503 7013
8922 6979 7022
8923 7023 7002
8924 19509 7023
8954 7023 7048
8955 7048 7049
8957 19503 7051
8958 7013 7051
9007 7051 7090
19799 16261 15447
19814 5385 15468
19815 15469 15470
19816 16265 15472
19818 15475 15476
19819 5816 15476
19820 15478 15479
19822 15481 15482
19823 15483 15484
19824 6100 15486
19827 15491 19439
19830 15496 15472
19831 15497 15470
19832 15498 15497
19833 15468 15498
19834 15481 15499
19835 5444 19401
19836 15498 15503
19837 15503 15504
19841 6780 19501
19845 15518 15478
19846 15479 19403
19847 15503 15481
19887 15579 19509
29647605 15483 19458
29647609 16265 6366
29653206 21889 6758
29653265 19403 5181
