NbNode NbEdge POD
929 1295 241
17443
17446
17448
17449
17455
17457
17499
17503
17504
17505
17506
17507
17508
17509
17510
17511
17512
17513
17514
17515
17516
17517
17518
17519
17520
17521
17686
17692
17693
17695
17697
17698
17699
17701
17702
17703
17704
17705
17706
17707
17708
17709
17710
17711
17712
17713
17714
17715
17716
17717
17718
17719
17720
17721
17722
17723
17724
18539
18541
18542
18543
18546
18547
18548
18549
18550
18551
18552
18553
18554
18555
18556
18557
18558
18559
18560
18561
18562
18563
18564
18565
18566
18570
18572
18573
18575
18576
18577
18578
18579
18580
18581
18582
18583
18584
18585
18586
18587
18588
18589
18590
18591
18658
18659
18660
18661
18662
18663
18669
18670
18671
18672
19530
19531
19532
19533
19534
19535
19536
19537
19538
19539
19540
19541
19542
19543
19544
19545
19546
19547
19548
19549
19550
19551
19552
19553
19554
19555
19556
19557
19558
19591
19560
19561
19562
19563
19564
19565
19566
19567
19568
19569
19570
19571
19572
19573
19574
19575
19576
19577
19578
19579
19580
19581
19582
19583
19584
19586
19587
19588
19589
19590
19592
19593
19594
19595
19596
19597
19598
19599
19600
19602
19603
19604
19605
19606
19607
19608
19609
19610
19611
19612
19613
19614
19615
19616
19617
19618
19620
19621
19622
19623
19624
19625
19626
19627
19628
19629
19630
19632
19633
19637
19639
19640
19642
19643
19644
19645
19646
19647
19650
19654
19657
19658
19659
19660
19661
19662
19664
19665
19667
19668
19669
19670
19671
19672
19673
19675
19676
19677
19791
3597 2912 2913
7203 5705 5706
7218 5725 17504
7222 5739 5740
7225 18539 18541
7228 17503 5751
7229 5751 18539
7231 5754 5755
7232 5755 18559
7233 5757 5758
7234 5759 5760
7235 5761 5762
7236 5761 18578
7237 5764 5765
7238 5764 18670
7239 18559 5762
8154 6455 6457
8156 6457 5706
8157 5706 6459
8202 6477 17499
8207 17499 6457
8259 17455 6545
8263 6550 6551
8264 5725 6551
8277 6563 17499
8355 17457 6586
8356 6618 6563
8358 17457 6618
8359 6545 17457
8384 17499 6635
8385 6635 5705
8398 6640 5705
8404 6640 6550
8414 6551 17503
8510 6719 6635
8511 6618 17509
8512 17509 6719
8531 17511 6734
8532 17503 6734
8560 6635 6755
8561 6734 6755
8592 6779 17509
8614 5740 6545
8615 5740 6779
8634 6545 6811
8637 6719 17510
8638 6811 5740
8674 6841 17455
8679 6845 6734
8682 17510 6847
8683 6755 6847
8693 18541 6855
8696 6857 6845
8698 6847 6857
8700 6853 18546
8708 6864 6779
8709 6855 6865
8714 6865 6853
8720 6873 6811
8725 17513 6877
8726 6877 5751
8730 6841 6880
8731 6880 6811
8734 6841 17443
8738 6884 17513
8739 6845 6884
8746 18546 18570
8752 18570 6896
8755 6897 18570
8756 17443 6898
8757 6899 18546
8758 6899 6897
8770 22408 6896
8774 6897 22409
8776 6877 6912
8784 6919 6865
8785 6920 22383
8787 18659 22351
8801 6847 17512
8802 6880 17505
8806 17505 6938
8807 6938 6873
8819 18659 6948
8820 6949 6919
8821 6949 6899
8835 18660 18659
8836 18660 6891
8839 6948 18660
8842 18541 6964
8843 6964 6949
8844 6965 6964
8845 6966 22384
8846 6967 18658
8850 18663 6967
8851 6971 6864
8856 18547 6965
8863 6981 22409
8865 22349 6891
8866 22349 6967
8867 6984 6948
8868 18548 6981
8873 18662 22349
8874 6990 6966
8876 6896 6992
8877 6992 22408
8878 6993 6971
8879 17512 6993
8881 18661 18660
8882 6996 18663
8883 6992 18572
8884 6998 22349
8885 5765 6984
8889 18575 5765
8890 18572 7001
8891 7001 6990
8893 6998 22348
8894 6920 7004
8895 7004 18575
8896 18661 7003
8902 7008 5739
8903 6971 7008
8905 7010 6998
8906 7010 6996
8909 7012 6981
8910 7012 18572
8913 7015 7016
8914 17512 7017
8915 7017 6857
8916 7001 7018
8917 6938 7019
8918 7019 6873
8921 6912 18542
8926 7025 6877
8927 7026 18547
8928 7027 7016
8929 7025 7027
8930 7028 7010
8931 7028 7029
8932 6990 18573
8933 6965 7031
8935 18542 7034
8936 7034 7026
8937 6898 7035
8938 7035 6938
8940 18577 18661
8941 7038 7031
8943 7039 7034
8944 6984 18577
8946 7041 7012
8951 7003 7046
8952 7046 22348
8956 7050 7039
8961 7031 7055
8962 7055 18548
8964 7018 7057
8965 7057 18573
8966 7008 7058
8967 6993 7058
8969 7059 7038
8970 7055 7059
8971 18549 18548
8972 18549 7041
8975 7063 7019
8977 7063 7008
8983 18573 18576
8984 18576 7004
8985 17514 7050
8987 7072 7025
8988 7072 7050
8989 7017 7073
8990 6884 7073
8994 7077 21992
8995 7079 7059
8996 7080 7077
8999 7083 7026
9000 7083 7079
9003 7086 18576
9004 7087 7072
9005 7088 7055
9006 7057 7089
9008 7091 7016
9009 7091 7087
9010 7088 18549
9011 7089 7086
9013 7093 7029
9014 7094 7028
9017 7097 7098
9018 7058 7098
9019 7099 7063
9020 7099 7097
9026 7104 7093
9027 7104 7080
9030 7107 7097
9035 7112 7098
9036 7113 7112
9040 7094 7093
9042 17506 7107
9043 17506 7112
9044 7117 7089
9045 7018 7118
9047 7120 17506
9050 7121 17514
9054 18543 7121
9057 7127 7099
9058 7127 7120
9060 7129 7041
9061 7118 7129
9065 7132 7127
9067 7134 7087
9071 7137 7127
9072 7120 7137
9075 7113 7137
9078 7039 7141
9082 18543 7141
9083 7144 7073
9084 7144 7145
9086 7147 7088
9089 7141 18550
9090 18550 7083
9091 7150 7117
9093 7134 7152
9094 7145 7113
9095 5762 7129
9098 7117 7154
9099 17517 7134
9100 7156 7086
9102 18557 7059
9103 7144 7159
9104 7035 7160
9105 7160 7099
9109 7159 17516
9110 7164 7144
9111 7164 7091
9113 17516 7164
9115 5754 18557
9116 7147 5754
9117 7152 7121
9118 7167 7164
9122 18579 7154
9123 7172 7159
9124 7172 17516
9125 7172 7167
9126 7077 7173
9127 7079 7174
9128 7174 18557
9132 7178 18579
9133 5760 7173
9134 7179 7172
9135 5759 7104
9136 7180 7046
9137 7118 18578
9139 7180 7182
9140 7183 7182
9141 7145 7184
9142 7184 7179
9143 18559 7147
9144 18670 7180
9145 18578 5757
9147 7187 7183
9148 5758 7188
9149 7188 7057
9150 18556 7190
9151 7174 7190
9153 7192 7156
9154 7192 18585
9155 7194 7156
9156 18585 7194
9157 7195 7178
9158 7188 7196
9159 7196 7150
9160 7182 7197
9162 7196 7195
9163 7198 5764
9168 7202 7192
9169 7203 18670
9170 7197 7203
9172 7195 7202
9173 7194 7198
9179 7137 7209
9184 7213 7160
9187 7216 5757
9189 7218 7187
9190 7094 7218
9194 7218 18672
9195 7223 7009
9201 7228 7035
9206 17518 7167
9207 17518 17517
9210 7228 7223
9214 7237 7132
9215 7238 7228
9216 7213 7238
9220 7241 5759
9221 5760 7241
9222 7242 17448
9223 7238 7242
9224 7244 7134
9225 7244 17518
9236 7253 5761
9238 7213 17507
9239 17507 7237
9243 18560 5755
9244 7190 7260
9245 7260 18560
9248 18560 7263
9252 7263 7253
9257 7242 7270
9264 18672 7241
9267 7203 18671
9272 17515 7184
9273 7283 7244
9274 7283 7121
9276 7285 17515
9279 18558 7260
9280 7270 7290
9286 7295 17507
9287 7290 7295
9291 7209 7298
9292 7285 7298
9295 7270 7301
9301 17519 7283
9302 7141 17519
9304 7308 7253
9306 7308 7310
9309 7313 7202
9316 18671 7318
9317 7298 7319
9321 17449 7301
9322 7190 7323
9323 7323 18558
9327 17449 7290
9328 7326 7237
9331 7329 7295
9334 7216 7332
9335 7310 7332
9336 18550 18551
9337 7323 18551
9338 7301 17446
9342 7336 7179
9343 18587 18586
9346 18585 7340
9347 7318 7340
9350 18580 7313
9351 7332 18580
9353 7340 18588
9354 18588 18587
9356 18588 7348
9357 7349 18580
9361 7319 7353
9363 18564 7263
9364 7357 18564
9365 18672 7358
9367 7360 7326
9368 7209 7360
9369 7353 7360
9372 7358 7268
9373 7362 7285
9375 18563 7357
9376 7349 7365
9377 7366 7318
9378 7366 7197
9379 18586 7367
9383 7367 21890
9384 18564 18581
9385 18581 7308
9387 7373 17449
9396 7382 7313
9397 7367 7382
9398 18558 7383
9399 7383 18563
9407 7389 17519
9409 7392 18583
9411 7396 7397
9416 7406 7407
9417 7406 17521
9421 7413 19546
9426 7421 19541
9427 7423 17710
9428 7423 7425
9429 7426 19534
9430 7428 7429
9431 7430 7431
9432 7432 7430
9434 7435 7436
9435 7436 19554
9437 7440 7441
9438 7442 7443
9439 7443 7444
9440 7445 7430
9441 7446 19637
9442 7448 7449
9443 7450 7451
9459 7480 19591
9460 7480 7482
9462 7485 7486
9486 7523 7524
9489 7528 7529
9494 7535 7382
9495 7358 7536
9500 7536 7366
9501 18589 7535
9502 7541 7326
9503 7542 7336
9504 7542 17519
9505 7541 7329
9507 18581 7543
9508 7543 7349
9515 7348 7549
9516 7365 7550
9517 7550 18589
9519 7383 7552
9521 7554 7542
9522 18554 7389
9523 18551 18554
9529 7559 7336
9534 7362 7559
9535 7552 7563
9536 18563 7563
9537 7563 7564
9538 7565 7549
9547 7572 17446
9559 7581 7329
9566 18590 7588
9567 7535 7588
9571 7591 18590
9572 7592 7373
9573 7592 7581
9575 18552 7389
9576 18552 7554
9578 7596 18552
9579 7596 18554
9580 7564 18561
9582 7599 7596
9583 7600 18554
9584 7552 7600
9588 7365 7603
9589 7603 7550
9590 7604 18591
9591 18591 7348
9592 7549 18591
9596 7588 7604
9597 7592 7572
9602 7609 7541
9603 7353 7609
9606 7612 7600
9609 7615 7559
9613 18562 7612
9614 7603 7619
9615 7620 7599
9616 18584 7591
9617 7619 7622
9618 7622 18584
9620 7536 7625
9621 7625 7626
9622 7543 22407
9626 18582 7631
9627 7592 7632
9628 7633 7609
9629 7633 17508
9630 7635 7619
9631 18591 7636
9632 7636 7565
9633 7626 7637
9634 18582 7635
9635 7636 7637
9637 7639 18561
9638 7620 7640
9639 7639 18562
9640 7641 7542
9641 17520 7641
9642 17520 7620
9643 7643 7357
9644 7615 7644
9645 7645 7643
9646 7645 7631
9648 7637 7647
9649 7612 7396
9650 18562 7396
9651 7644 7641
9657 7651 7633
9658 7652 17508
9659 7652 7651
9660 7625 7653
9663 7564 18565
9664 7643 18565
9668 7658 7645
9672 7407 17520
9678 7640 7664
9679 7664 7599
9681 7653 7666
9682 7647 7666
9687 18565 7671
9690 7631 7392
9692 7653 7674
9693 7392 7658
9696 7676 7362
9698 7676 7615
9699 7635 7678
9704 7683 7671
9705 7666 7674
9711 7686 7678
9712 7686 7622
9717 18566 7639
9718 18566 7683
9719 7647 7691
9720 7692 18591
9721 7664 18555
9722 7397 18555
9725 7695 7664
9726 17521 18553
9727 18553 7695
9729 18555 7698
9734 7703 18583
9737 7692 7691
9743 7707 7572
9744 7632 7710
9745 7695 7698
9751 7714 7591
9752 7714 7692
9753 7715 7397
9754 19539 7715
9755 19544 18566
9756 19544 7683
9759 7674 19642
9760 19642 7268
9761 19642 7720
9762 7703 7721
9763 7721 7671
9764 7714 19597
9768 7725 19642
9769 7652 17698
9770 7727 7686
9773 7729 17521
9775 7731 19539
9776 18566 7731
9777 7732 7725
9778 7733 7703
9779 7733 7727
9781 7735 19544
9782 7736 7703
9783 17692 7581
9784 7735 7738
9785 7739 7733
9787 7741 7721
9794 7651 7746
9796 7721 7748
9797 7748 7735
9799 19582 7727
9801 7752 7736
9802 7752 7739
9803 7746 17692
9804 7753 7714
9805 19582 19587
9806 7754 7407
9807 7755 7748
9811 7755 7758
9812 7758 7741
9815 7632 7760
9816 17692 7760
9817 17698 7761
9818 18584 7762
9819 7762 7753
9824 7767 7733
9826 7767 7768
9829 7770 7758
9831 7768 19582
9832 7754 17712
9833 17712 7406
9834 7770 7773
9836 7774 7729
9840 19581 7778
9841 7779 7752
9842 7778 7779
9843 7780 7767
9844 7780 7768
9845 7781 7770
9846 7781 19581
9847 17711 7754
9850 7785 7767
9851 7779 7785
9852 7748 7786
9853 19596 7753
9857 7731 19543
9858 19543 19544
9859 7786 7792
9860 7792 7781
9866 7785 7798
9867 7798 7780
9868 7798 7799
9869 7799 7780
9870 19543 7800
9871 7800 7786
9878 7806 7792
9879 7806 19581
9883 7762 19595
9887 7813 7806
9888 7813 7778
9890 7676 7814
9892 7786 7816
9893 7816 7792
9894 7817 7813
9895 7817 7779
9897 7814 17702
9899 19595 7821
9901 7821 19588
9903 7826 7652
9907 7829 19588
9908 7760 7830
9913 7799 7829
9915 7644 17709
9918 18553 19531
9923 17709 17711
9932 7698 7845
9933 7846 7817
9934 7846 7799
9935 19533 7845
9937 7710 7849
9940 7715 19540
9941 19540 7800
9945 19530 7774
9946 19530 19531
9947 7856 7846
9948 7856 7813
9949 7816 7857
9950 7857 7806
9951 7761 7428
9952 7857 7856
9957 7426 7845
9958 19531 7426
9959 7845 7862
9960 7863 7800
9961 7863 7816
9962 7862 19540
9964 7428 7865
9966 19540 7421
9974 17710 17709
9980 17713 19530
9981 7425 17712
9985 7425 17713
9987 7862 7879
9988 19584 7829
9989 7725 7881
9992 19546 7863
9997 7421 19546
9998 19596 19598
10001 7890 7857
10003 7892 7846
10006 19549 7890
10012 7897 7826
10014 7429 7814
10015 7879 19534
10016 7879 19541
10017 7898 7856
10018 7892 7898
10029 22401 22405
10030 22401 22403
10031 7907 17713
10035 7910 7826
10036 17703 7429
10037 7910 7897
10038 7912 7907
10040 7914 7910
10041 19534 7915
10042 7413 19548
10045 17697 7746
10046 7910 17697
10050 19545 7922
10051 7922 7413
10054 7924 19545
10058 7927 19548
10059 7927 19549
10060 17703 7928
10061 7928 17709
10063 7929 17703
10066 7915 19532
10067 19583 7898
10068 7821 7933
10071 7936 19549
10072 19583 7936
10073 19534 7937
10075 22399 22400
10076 7933 22399
10077 7940 7924
10078 7940 7922
10087 7897 17699
10088 7761 17699
10089 7948 7691
10090 19597 7948
10100 7959 19583
10101 7960 7912
10102 19532 7960
10106 19551 7927
10107 7936 19551
10108 7933 19598
10110 19547 7940
10114 7970 19541
10117 7907 7973
10123 7979 22399
10126 19542 7970
10127 7924 19542
10129 7983 7937
10130 22396 22398
10131 7985 7423
10133 22395 7939
10134 7987 7988
10135 7987 19551
10137 17699 7990
10138 7970 7983
10141 7992 7940
10142 7992 19547
10143 7992 7988
10154 7928 17704
10157 7959 8005
10163 17704 7985
10164 7732 8010
10166 8010 7450
10167 7990 7929
10168 19586 8005
10169 7984 19586
10170 8013 17714
10171 7973 8013
10172 7979 22398
10176 8018 7959
10186 8018 8005
10194 8033 7732
10197 8036 8018
10199 8038 7948
10200 8010 8033
10207 7937 19538
10208 7987 19550
10212 19639 8038
10213 19639 8033
10216 19550 8036
10218 17705 7929
10221 8053 19596
10224 7432 8038
10232 8005 8061
10233 19586 8061
10240 8061 19590
10241 8068 7912
10242 7915 8068
10252 19542 19553
10253 19553 7992
10254 17693 7914
10256 7830 17686
10257 7450 8081
10258 8081 7881
10259 8068 19535
10260 8083 17686
10274 19599 8053
10275 8094 8013
10276 7442 22394
10278 19599 22396
10279 7985 17715
10281 7914 7485
10282 7485 7990
10283 8099 19599
10286 8094 17718
10288 17704 17706
10290 8095 8106
10295 19590 8106
10307 17714 7441
10315 19535 17718
10321 8126 17693
10322 8127 17706
10323 8127 8128
10324 8126 8083
10330 7435 19553
10334 19535 19536
10337 7881 7449
10343 17715 8139
10344 8128 8139
10347 19639 8142
10350 19558 8036
10351 19637 7432
10355 19640 8142
10356 8149 8099
10358 7431 8053
10363 19600 8149
10365 7431 19600
10367 19558 8156
10368 19590 8156
10371 19557 7988
10379 7444 8165
10380 19599 7444
10386 19557 19558
10392 8174 7448
10400 8095 8180
10402 7440 8094
10406 8183 17706
10409 8185 7435
10422 8194 8185
10424 19552 8194
10426 8198 7440
10427 17716 8198
10429 8201 19538
10430 8201 19552
10431 7482 19590
10432 7482 8180
10444 7436 8210
10445 8210 19557
10447 8212 19600
10451 19536 8214
10452 8214 8201
10461 17701 17705
10462 17701 8183
10469 8139 8224
10484 8224 17716
10500 19537 8214
10526 8261 17701
10530 8264 8212
10546 19591 8156
10549 8278 8261
10557 19555 8185
10558 19555 8210
10563 19591 19557
10565 8278 21891
10567 7443 19593
10571 19593 8264
10579 8295 8278
10580 8295 8127
10586 8300 8301
10588 8301 8201
10594 8308 21892
10597 8311 17693
10598 17695 8126
10599 8311 17695
10610 7486 8261
10618 8311 7486
10619 8308 19537
10622 8329 8295
10642 8342 8224
10643 8342 17708
10651 8349 19537
10653 8351 7443
10654 8351 19593
10655 17708 8329
10660 8264 8354
10669 8180 19592
10673 19592 8351
10698 19555 8381
10699 8381 7480
10734 17717 8198
10735 17717 8308
10738 17717 8342
10806 8456 8381
10807 19592 8456
10809 19593 19594
10818 19594 8456
10819 8329 17707
10829 19555 19556
10832 8476 8381
10842 8354 19602
10844 19594 7523
10855 19556 8493
10866 7523 8503
10867 19560 8476
10868 8503 19602
10895 19563 8194
10898 19556 8476
10927 19563 8493
10972 8456 8571
10988 7529 8349
11022 8606 17717
11056 8629 8571
11079 8643 19563
11084 8647 17708
11085 19561 7529
11086 8349 19561
11105 8571 8659
11115 8664 8606
11131 8672 7528
11152 19562 19561
11153 19562 8643
11159 8694 19650
11160 8694 8678
11161 19646 8678
11167 8700 8629
11168 8659 8700
11172 8672 8704
11180 8710 7528
11197 8721 19646
11198 8664 8704
11200 8493 8723
11207 19562 8710
11222 8643 19567
11223 8723 19567
11227 8744 8694
11241 8723 8756
11242 8756 19560
11256 8700 19604
11259 7524 8770
11260 8737 8770
11262 8772 8738
11265 19571 8756
11267 8739 19645
11272 17722 8672
11275 8782 19604
11276 7524 8783
11277 19604 8783
11279 17721 8664
11286 8790 19645
11287 8790 8772
11290 8793 8710
11294 8796 8744
11305 8805 19562
11312 8811 17722
11321 19571 8819
11322 19567 19568
11325 8783 8822
11327 19560 8824
11328 8659 8824
11331 19565 8805
11333 8830 8721
11343 8782 8822
11345 8838 19565
11346 19568 8838
11353 8844 8845
11354 8824 8846
11355 8846 8844
11356 8846 8782
11357 8847 8848
11358 8847 8830
11361 8845 8819
11362 19570 19571
11363 17721 8852
11364 8811 8852
11365 19564 8793
11366 8805 19564
11368 19568 19569
11369 19569 19570
11370 19570 19572
11371 8819 19572
11372 17707 8857
11373 8846 19603
11386 19569 8866
11387 8770 8867
11388 8737 8868
11390 8869 8796
11392 8867 8868
11393 8866 8870
11403 19564 8877
11412 8884 17722
11425 8857 17719
11426 8895 8884
11427 8895 8852
11434 8647 17719
11437 8838 8901
11441 8904 8790
11443 8907 8721
11449 8907 8830
11451 8877 8911
11454 17719 8914
11455 8822 8915
11456 8916 19570
11457 19572 8916
11463 8921 8915
11464 8867 8921
11471 19645 8927
11472 8870 19574
11483 8927 8937
11484 8937 8904
11486 8884 8877
11487 8939 8867
11488 8868 8939
11489 19574 8940
11491 8942 8916
11493 8942 8944
11494 8940 8944
11495 19573 8901
11496 19573 8870
11501 8939 19607
11504 8951 19573
11505 19574 8951
11506 8952 8940
11508 8954 8955
11509 8955 8956
11510 8951 8956
11511 19607 8921
11512 8911 8954
11513 8957 8744
11514 19575 8952
11515 8944 19575
11523 19603 19605
11531 19603 8971
11546 8984 8942
11552 17723 8895
11558 8957 8992
11561 19654 8957
11580 19607 19643
11594 9021 8915
11596 9023 8911
11597 9024 19603
11598 8915 9024
11599 8956 19566
11606 9023 19566
11607 8992 8907
11614 9035 9023
11619 9039 8927
11622 9039 19644
11626 19605 9045
11630 9049 9021
11632 9024 19606
11634 9053 19575
11635 9053 8984
11636 9039 19643
11642 9059 17721
11644 9059 17723
11645 9061 9059
11657 9053 19576
11665 8937 9075
11666 8914 9076
11667 9061 9076
11671 9076 17720
11672 9080 19654
11676 19644 9084
11680 19576 9088
11682 9089 8971
11683 9089 9045
11699 9075 9084
11712 8984 19580
11713 19606 9111
11718 19580 9116
11722 9120 19580
11723 9120 9089
11724 19576 9116
11745 9045 9135
11746 19606 9135
11773 17723 9153
11774 9153 9035
11775 9078 19657
11796 9080 9172
11800 9088 9175
11804 9175 19578
11807 9153 9181
11808 9084 9182
11817 9153 17724
11818 17724 9181
11824 19577 19578
11833 9175 19579
11837 19622 9208
11838 9209 9210
11842 19658 9210
11843 19658 9216
11844 9217 9218
11918 9116 19579
11920 9335 9088
11921 9075 9336
11923 9335 19577
11937 9336 19647
11969 9371 8847
11970 9371 19654
11977 9120 9376
11978 9135 9376
11984 9061 9381
11985 17724 9381
11997 9391 9035
11999 19647 9217
12003 9181 9391
12004 9381 9394
12010 9398 9371
12014 19578 9401
12015 9401 19579
12028 9217 9398
12030 19657 19669
12032 9391 9412
12033 9412 9335
12034 9413 9412
12035 9414 9182
12041 9413 19608
12053 9376 19621
12056 9111 9430
12065 19669 19791
12074 19668 19657
12077 19667 19668
12078 9172 19667
12087 9455 9049
12088 9216 9414
12090 19628 9455
12091 9430 19621
12092 9455 9458
12093 9458 9430
12097 9461 19664
12098 19664 9080
12105 9209 19628
12107 9216 9209
12109 9471 19667
12110 19613 19608
12111 9401 19613
12114 9398 9475
12115 9461 9475
12116 19664 19667
12123 9480 19791
12135 9471 9480
12137 9181 9490
12167 9512 9394
12168 19628 9513
12170 9490 9512
12186 19621 19622
12192 9475 9531
12199 19613 19615
12200 19621 19615
12201 9537 19615
12202 19608 19609
12207 19622 9537
12209 9543 9480
12210 19613 19614
12220 9552 9471
12221 9552 9543
12234 9490 9563
12249 9537 19616
12254 19615 9576
12255 9576 19616
12268 9218 19659
12276 9218 19658
12282 9563 9590
12283 9413 9590
12286 9531 9592
12287 19667 9593
12288 9594 9552
12289 9592 9595
12290 9595 9461
12291 9593 9596
12295 9513 9599
12296 9596 19670
12297 9593 19670
12298 19670 9601
12299 9590 19610
12300 9596 9603
12301 19672 9594
12302 9601 19672
12303 9210 9599
12305 9603 9606
12306 19670 9606
12311 9208 9610
12316 9599 9614
12319 19659 9592
12321 9458 9616
12325 9616 19628
12326 9614 9616
12330 9595 9621
12340 9601 9634
12343 9576 19623
12345 9208 9638
12346 9610 9639
12347 9639 9616
12348 9610 9638
12350 9638 19623
12359 19623 9648
12364 19614 9652
12365 9653 19615
12366 9652 9654
12367 9634 19671
12368 19671 19672
12370 9653 9648
12371 9606 9657
12372 19617 19623
12374 19610 9660
12375 9648 19617
12376 9661 19609
12377 9662 19671
12380 9654 9653
12386 9661 9652
12387 9668 9660
12388 9668 9661
12390 9660 9670
12392 9657 9672
12394 9662 9672
12401 9638 9679
12402 9679 19625
12408 9686 9653
12443 19629 9616
12446 9639 19629
12448 9670 9714
12453 19659 19661
12454 19661 19660
12455 9714 19611
12456 19611 9668
12463 9726 19661
12465 9621 9728
12469 9728 19665
12470 19665 9596
12475 9735 9662
12477 19617 19624
12478 19624 19625
12479 9679 19626
12489 9745 19624
12508 19626 19627
12512 9761 19629
12513 19627 9761
12525 9773 9745
12528 9776 9686
12530 9779 19612
12531 19612 9773
12535 9784 9726
12542 9776 9779
12543 9784 9728
12550 9794 19658
12552 19629 9795
12559 9802 9794
12563 9795 9802
12564 9794 9807
12581 9802 19662
12587 9773 9825
12591 9829 9825
12595 9761 19632
12598 9795 9835
12599 19660 9836
12603 19612 9841
12604 9825 9841
12612 9845 9672
12613 9845 9735
12615 9836 9807
12620 9849 9726
12627 19626 9855
12632 9849 9784
12633 9745 19630
12634 9855 19630
12637 19630 9829
12638 19632 9859
12642 9855 9862
12649 19677 9845
12665 9882 19677
12666 9855 9859
12667 9883 19677
12668 9882 9883
12676 9859 19633
12683 19665 9894
12686 9862 9897
12696 9883 19676
12699 9906 9882
12700 9907 19676
12703 9909 9894
12704 9909 9907
12705 9714 9910
12715 9910 19618
12716 19618 9776
12723 19618 9921
12728 19673 9849
12733 9835 9930
12736 19620 9934
12737 9934 9862
12738 9841 9935
12739 9935 19620
12740 9934 9936
12745 9939 19673
12746 9939 9894
12747 19618 9935
12787 9897 9975
12788 19633 9976
12790 9978 9939
12791 9978 9909
12792 9979 19676
12801 9897 9983
12803 9983 9936
12820 7710 7707
12822 7849 7830
12823 7029 18669
12824 19675 9978
12828 9975 10007
12851 10025 19675
12852 10025 9979
12859 10030 9979
12860 10030 10031
12871 10025 2912
12876 9921 10041
12884 2913 10030
29650929 19585 7892
29653281 18658 21995
29653610 18662 7003
29653611 22348 18662
29653642 22384 22385
29653643 22385 6920
29653650 22394 8095
29653651 22395 22400
29653652 7984 22395
29653653 19589 7984
29653654 22399 19589
29653655 22398 7442
29653656 22398 19589
29653657 22400 22401
29653658 22400 22402
29653659 22402 22403
29653660 19584 22404
29653661 22403 19584
29653662 22404 7892
29653663 22396 7979
29653664 22405 7939
29653665 22405 22404
29653666 7939 19583
29653667 22407 22406
29653668 22407 22406
29653669 22406 18582
29653670 22409 22408
29653714 19589 7979
