NbNode NbEdge POD
308 406 163
19899
20002
20007
20009
20011
20014
20047
20016
20017
20031
20032
20037
20036
20039
20040
20042
20043
20044
20048
20049
20050
20051
20052
20053
20054
20129
20133
20134
20135
20136
20141
20142
20143
20144
20145
20146
20148
20167
20150
20291
20152
20153
20154
20155
20156
20157
20158
20159
20160
20165
20162
20169
20170
20171
20172
20173
20175
20177
20178
20179
20180
20181
20182
20183
20184
20185
20186
20187
20188
20200
20203
20206
20231
20232
20233
20235
20236
20237
20238
20239
20241
20373
20272
20286
20297
20289
20290
20292
20293
20296
20295
20299
20300
20301
20302
20304
20310
20355
20307
20308
20311
20312
20314
20316
20317
20318
20319
20320
20321
20322
20323
20324
20325
20326
20327
20328
20330
20331
20332
20333
20334
20335
20336
20337
20338
20339
20340
20341
20342
20343
20344
20346
20347
20348
20350
20356
20357
20358
20359
20360
20361
20363
20365
20366
20368
20370
20371
20372
20374
20378
20377
20379
20382
20383
20385
20386
20392
20400
20404
20405
20406
20408
21327
2293 20173 20172
14489 20325 11223
15506 12004 19899
15931 12333 12004
15985 20133 12406
15986 20133 20134
16056 12490 20129
16057 20129 12333
16066 12333 12498
16121 12498 12476
16204 20129 20011
16213 12557 20002
16309 12406 20129
16493 20016 12794
16495 20016 12406
16578 12852 20133
16579 12852 20134
16627 20135 12892
16628 20136 20135
16632 12892 12852
16735 20206 12982
16787 20143 20136
16788 20143 20142
16800 12982 13023
16829 20007 20002
16860 13072 20143
16861 20142 13072
16870 20014 13077
16876 13072 20203
16887 20203 13023
16889 20143 20144
16897 20047 20007
16913 13106 13072
16917 20017 20016
16923 20200 13106
16931 20144 13122
16934 13122 20200
16993 13122 20141
16997 20009 20007
17049 13203 20200
17115 12982 13252
17119 20016 13254
17120 20133 13254
17123 13203 20232
17124 20232 20203
17130 20031 20009
17138 20232 13252
17225 20232 20233
17239 20014 13335
17240 20009 13335
17245 20156 20141
17246 20156 13203
17314 20032 20031
17350 20049 13335
17351 13415 20156
17374 20156 20231
17375 20231 20232
17379 20048 20049
17385 13335 20052
17391 20157 13415
17395 20052 13450
17396 13450 20017
17436 20036 20032
17437 20036 20048
17466 13497 13415
17471 13497 20162
17481 20236 20233
17482 20236 13252
17544 20158 13497
17555 20051 20049
17570 13575 20052
17582 20235 20236
17590 20037 20036
17603 13254 20146
17604 20154 12892
17608 13450 20145
17612 20050 20051
17641 20159 20158
17644 20039 20037
17648 20039 20050
17653 13640 20231
17654 20235 13640
17656 20146 20145
17675 20165 20159
17693 13670 20146
17707 13680 20159
17716 20165 13680
17725 13670 20160
17726 20160 13680
17727 13693 13694
17737 13694 20165
17741 13670 20155
17752 13713 20051
17753 13713 13575
17761 13718 13640
17762 13718 13693
17794 13731 13737
17795 20040 13737
17796 13731 13739
17797 13737 13739
17806 13718 13745
17807 20044 20037
17816 13753 20160
17818 20184 13680
17819 20165 20184
17828 13761 20236
17834 13761 20272
17856 20042 20040
17858 20146 20167
17862 13745 13761
17864 20184 20237
17888 20181 13753
17889 20184 20181
17897 13809 20153
17912 20238 20239
17914 20373 13833
17917 20373 20239
17935 20378 13868
17939 20301 20295
17942 20327 20325
17947 20326 20323
17951 20327 20326
17956 13896 20301
17961 13902 20374
17962 20289 20290
17972 13921 20042
17973 13921 20044
17975 13923 20184
17979 20185 13923
17983 13739 21868
17984 20169 20155
17994 20043 13921
17999 13945 20272
18004 20182 20181
18005 20182 20183
18006 20185 20183
18018 20148 13713
18021 20167 20170
18022 20170 20169
18024 20237 20241
18025 13718 20241
18026 20241 13945
18048 20148 13979
18065 13993 13994
18084 14008 13993
18087 14011 13993
18088 14011 20170
18092 20172 14011
18102 20241 13833
18103 13833 13945
18105 20172 20171
18107 20171 14008
18108 14024 20043
18109 20051 14024
18116 13979 20150
18126 14039 20183
18127 14039 20241
18129 20177 20178
18134 20173 20177
18140 20175 20152
18141 20175 20171
18151 20178 20186
18161 20053 14024
18172 14039 20239
18175 20186 14075
18176 14075 20182
18177 20152 20153
18180 20150 20153
18194 20180 20177
18201 20188 14075
18202 20188 14039
18221 14100 20148
18222 14100 20054
18227 20054 20053
18242 14114 20152
18249 14114 20179
18256 14123 20180
18257 20179 14123
18261 20187 20188
18274 14136 14114
18275 14123 20187
18277 20291 13979
18278 13809 20291
18289 20383 20373
18295 20188 20324
18296 20324 20238
18315 14161 20293
18316 14161 14136
18327 20292 20291
18329 20316 14136
18331 20292 20293
18335 20323 20187
18355 14100 14192
18358 14192 14193
18359 14193 20286
18360 20291 20286
18367 20383 20385
18394 20296 20292
18395 20296 14161
18433 20374 20378
18435 13868 20386
18436 20386 14238
18437 20299 14240
18438 20295 20299
18449 20238 20374
18473 14264 20324
18490 20295 20296
18497 13868 20385
18515 14284 13896
18526 20321 20326
18543 20299 20297
18548 20324 20370
18549 20370 13902
18557 14313 20316
18558 20321 14313
18569 20386 20392
18572 20289 20286
18573 20297 20289
18578 20301 20300
18584 14332 20370
18585 14333 14284
18602 20378 14345
18603 14313 20320
18604 14347 14333
18607 20317 14347
18611 20299 14352
18613 20320 20317
18615 14352 20300
18619 20297 14358
18620 14358 14352
18627 20371 14332
18631 14366 14332
18632 14367 20321
18633 14368 20371
18634 20370 14368
18638 20400 20392
18649 14380 14367
18650 14380 20328
18651 13902 20372
18682 20318 14284
18683 20318 14347
18684 20318 20322
18691 20372 20377
18692 20374 20377
18693 20400 20377
18694 20319 20318
18701 20302 20319
18705 20302 20300
18715 20400 14425
18720 20302 20330
18721 20342 14380
18724 14434 14429
18725 14435 20290
18726 20406 14425
18732 14440 14434
18739 14425 14440
18748 20343 20342
18749 14440 14459
18753 20343 20344
18773 20330 20334
18780 14459 21327
18781 20331 20334
18792 20406 14495
18793 14496 14440
18795 20290 20304
18796 20379 20346
18797 14501 20377
18798 20331 14502
18799 20379 14501
18800 14502 20336
18801 20344 20347
18802 20347 20379
18808 14510 20377
18809 14511 14512
18811 20379 20348
18812 14515 20343
18813 14516 14515
18815 14512 20405
18820 20335 14502
18822 20333 20331
18823 20333 20335
18827 20377 14530
18828 14531 20404
18830 14534 20333
18831 14535 14530
18835 14534 20332
18842 14501 14535
18843 14535 20382
18850 20332 20338
18852 14550 14534
18861 20304 20308
18867 14565 14550
18868 20338 14565
18869 20311 20312
18870 14550 20337
18879 14575 14576
18881 14578 14575
18883 14565 14578
18888 20339 14578
18895 20308 14588
18897 20337 14590
18906 14575 20350
18917 14590 20314
18920 20340 20339
18921 20340 20339
18922 14611 20314
18923 20340 14590
18929 20310 20307
18930 14611 20307
18933 20340 20341
18937 20366 20340
18941 20307 20355
18955 20366 20368
18976 20363 20365
18977 20365 20366
19015 20361 14611
19024 14703 20365
19050 20355 20356
19061 20359 20361
19069 20358 20359
19087 14753 20356
19094 20360 20358
19120 14780 14753
19121 14780 20360
19132 20357 14780
19136 14791 20357
20103 14531 15838
20104 14530 20382
20105 15838 15839
20106 21327 15840
20107 15840 14496
20108 20405 15841
20114 15839 20382
20115 20400 15848
20145 20327 14366
20146 20325 20370
20147 15882 11223
20148 20323 15882
20149 20371 15883
20150 15883 20346
20151 20302 20311
20152 20289 15884
20153 14240 15885
20154 20286 20296
20157 15887 20310
20158 15888 15887
20159 20355 14617
20171 15897 15898
20172 20011 12490
20180 14264 15909
20181 11223 14264
20206 11223 15909
20207 14366 20328
20233 14240 20286
20398 20241 16086
20399 16087 16088
20400 20206 16089
20429 20158 16119
20430 12794 16120
20431 16121 16122
20432 16086 16123
20433 16122 16124
20434 16125 16126
20435 16127 16124
20436 16125 16127
20437 16126 16128
20438 16121 16128
20439 16129 20007
20440 16088 20152
20441 16130 20014
20442 16120 16130
20443 20145 16121
20444 16087 16126
20445 20158 20154
20446 13335 13077
20447 16123 16131
20448 16124 16132
20449 20148 16127
20450 20014 16129
20451 20009 20047
20665 20404 14511
20666 20404 14510
20667 14512 14496
20668 14496 14495
20669 14495 14512
20679 14617 20307
20680 14617 16244
20681 16244 15888
20682 14588 20337
20683 20312 20337
20684 14588 20310
20685 14435 20311
20686 20322 14483
20687 14483 20342
20688 20322 14367
20689 20405 20408
20713 13994 20145
20714 20146 20154
20715 20016 20014
20716 16247 20047
20717 13077 16129
20718 13077 16247
20719 16248 12794
20720 16248 20011
20721 20011 12557
20723 15897 12490
