NbNode NbEdge POD
2105 2548 803
17500
17501
17502
18404
18405
18406
18407
18408
18409
18412
18413
18414
18415
18416
18417
18418
18419
18420
18421
18422
18423
18424
18435
18437
18438
18441
18442
18443
18445
18446
18447
18448
18449
18450
18451
18452
18453
18454
18455
18456
18457
18458
18459
18503
18504
18505
18506
18507
18508
18519
18520
18528
18531
18532
18533
18534
18535
18536
18537
18538
18540
18544
18545
18567
18568
18569
18571
18574
18598
18603
18615
18617
18619
18620
18621
18622
18623
18624
18625
18626
18627
18628
18629
18630
18631
18632
18633
18634
18635
18636
18637
18638
18639
18640
18641
18642
18643
18644
18645
18646
18647
18648
18649
18650
18651
18652
18653
18654
18655
18656
18666
18664
18665
18667
18668
18673
18674
18675
18676
18677
18678
18679
18680
18681
18682
18702
18704
18707
18708
18711
18712
18713
18714
18715
18716
18717
18718
18719
18720
18721
18732
18733
18734
18735
18736
18737
18738
18739
18740
18741
18742
18743
18744
18745
18746
18747
18748
18749
18750
18751
18752
18753
18754
18755
18756
18757
18760
18759
18761
18762
18763
18764
18765
18766
18767
18768
18769
18770
18771
18772
18773
18774
18775
18776
18777
18778
18779
18787
18788
18789
18790
18791
18792
18793
18796
18804
18805
18810
18811
18812
18813
18814
18815
18816
18817
18818
18819
18820
18821
18822
18823
18824
18825
18826
18827
18828
18829
18830
18831
18832
18833
18834
18835
18836
18837
18838
18839
18840
18841
18842
18843
18844
18845
18846
18856
18878
18879
18880
18881
18882
18883
18884
18885
18886
18887
18888
18889
18890
18891
18892
18893
18894
18895
18896
18897
18898
18899
18900
18902
18903
18904
18905
18906
18907
18908
18909
18910
18911
18912
18913
18914
18915
18916
18917
18922
18919
18920
18921
18923
18963
18925
18950
18951
18952
18953
18955
18956
18957
18958
18959
18960
18961
18962
18964
18965
18966
18967
18968
18969
18970
18971
18972
18973
18976
18977
18983
18984
18985
18986
18990
18993
18994
18995
18996
18997
18998
18999
19000
19001
19002
19003
19004
19005
19006
19007
19008
19009
19010
19011
19012
19013
19014
19015
19016
19017
19018
19019
19020
19021
19022
19023
19024
19025
19026
19027
19028
19029
19030
19031
19032
19033
19034
19035
19036
19037
19038
19039
19040
19041
19042
19043
19044
19045
19046
19047
19048
19049
19050
19051
19052
19053
19054
19055
19056
19057
19058
19059
19060
19061
19062
19063
19064
19065
19066
19067
19068
19069
19070
19071
19072
19073
19074
19075
19076
19077
19078
19079
19080
19081
19082
19083
19084
19085
19086
19087
19088
19089
19090
19091
19092
19093
19094
19095
19096
19097
19098
19099
19100
19101
19102
19103
19104
19105
19106
19107
19108
19109
19110
19112
19113
19120
19116
19117
19118
19119
19121
19122
19123
19124
19125
19126
19127
19128
19129
19130
19131
19132
19133
19134
19135
19136
19137
19138
19139
19140
19141
19142
19143
19144
19145
19146
19147
19150
19149
19151
19152
19153
19154
19155
19156
19157
19158
19159
19160
19161
19162
19163
19164
19165
19166
19167
19168
19169
19170
19171
19172
19174
19175
19176
19177
19178
19179
19180
19191
19182
19183
19184
19185
19187
19188
19189
19190
19192
19193
19194
19195
19196
19197
19199
19200
19201
19202
19203
19204
19205
19206
19207
19208
19209
19210
19214
19212
19213
19215
19216
19217
19218
19219
19220
19221
19222
19223
19224
19225
19226
19227
19229
19230
19231
19232
19233
19234
19236
19237
19238
19239
19240
19241
19242
19243
19244
19245
19246
19247
19248
19249
19250
19251
19252
19253
19254
19255
19256
19257
19258
19259
19260
19261
19262
19264
19265
19266
19267
19268
19269
19270
19271
19272
19273
19274
19275
19276
19277
19278
19279
19280
19281
19282
19283
19284
19285
19286
19287
19288
19289
19290
19291
19292
19293
19294
19295
19296
19297
19298
19299
19300
19301
19302
19303
19304
19305
19306
19308
19309
19310
19311
19312
19313
19314
19315
19316
19317
19318
19319
19320
19321
19323
19324
19325
19337
19327
19328
19330
19331
19332
19333
19339
19335
19336
19338
19340
19341
19342
19343
19344
19345
19346
19347
19348
19350
19353
19352
19354
19355
19378
19379
19381
19386
19387
19388
19389
19391
19392
19396
19409
19410
19411
19412
19413
19414
19415
19416
19417
19418
19421
19424
19426
19427
19465
19466
19467
19475
19469
19470
19471
19472
19473
19474
19477
19478
19480
19482
19484
19485
19486
19487
19488
19489
19490
19491
19492
19493
19494
19495
19496
19497
19498
19508
19510
19511
19512
19513
19514
19515
19648
19649
19651
19652
19653
19655
19762
19763
19764
19765
19766
19767
19768
19769
19770
19773
19772
19774
19775
19776
19777
19778
19779
19782
19781
19783
19784
19785
19786
19811
19788
19789
19790
19792
19803
19804
19805
19806
19808
19809
19816
19812
19813
19814
19815
19833
19818
19819
19820
19821
19822
19823
19824
19825
19826
19827
19828
19832
19831
19834
19835
19840
19841
20409
20410
20411
20412
20413
20421
20415
20416
20417
20418
20419
20420
20426
20428
20433
20434
20435
20436
20437
20438
20439
20440
20441
20442
20443
20444
1912 19064 1546
3476 19324 2761
3489 18716 2780
3510 18412 18417
3515 22094 18714
3520 18791 18790
3521 2834 18791
3528 18718 22078
3950 22153 18404
4012 18405 3181
4370 22103 18408
4373 18702 22103
4374 18704 18702
4379 18406 22107
4406 18406 18409
4426 18707 18708
4446 18708 3551
4453 3551 3557
4506 3598 3547
4516 2780 3551
4527 3557 3612
4556 18737 3547
4582 18732 3654
4588 18737 3598
4591 3654 3660
4604 3670 18737
4615 3612 18732
4646 18406 18417
4668 3713 18733
4676 3713 3670
4677 3713 18736
4685 3660 3723
4695 3723 18734
4696 18734 3713
4720 3748 18717
4722 3752 3753
4729 3764 18734
4737 3764 18735
4751 3753 18418
4762 3795 18745
4809 18417 3752
4822 18717 18716
4830 18418 3837
4834 18738 3713
4848 18788 18787
4866 3862 18412
4868 18413 3772
4869 18413 18412
4870 3865 3837
4876 3862 21884
4877 18420 3862
4878 18420 3865
4880 3872 18413
4881 3813 18789
4888 3837 18422
4890 3881 3872
4896 18420 3881
4904 3890 3795
4913 3898 3748
4917 3902 18788
4918 3902 18789
4929 2834 3902
4931 3898 18720
4938 18735 18741
4941 22103 15419
4948 22095 3898
4960 18422 18714
4974 18741 3933
4981 18790 3890
5023 18738 18746
5030 3933 22086
5036 22086 3971
5046 3968 18810
5060 18791 4001
5078 18749 4016
5081 3971 18749
5082 18738 18792
5083 18792 4001
5092 18749 22081
5093 4027 22094
5112 4041 18810
5149 18415 4066
5150 4066 18414
5154 4066 18416
5173 4027 18715
5182 18721 22073
5187 22073 22089
5191 18416 18421
5192 4095 4027
5202 4095 18719
5204 18719 4104
5215 18421 22098
5216 22098 18424
5260 4150 18856
5273 22088 18769
5274 18812 4163
5275 4001 4163
5277 18768 22088
5278 22089 18768
5286 18881 4150
5296 4178 18881
5297 22040 4180
5302 18764 4186
5303 4186 18763
5304 4187 4188
5306 4191 4192
5307 18904 4191
5331 4234 18753
5340 18957 4250
5347 4262 18774
5348 4264 18459
5349 4264 18458
5352 4270 18842
5366 4292 4293
5367 4293 18442
5373 18631 4304
5374 4305 19037
5375 19037 19036
5377 19207 4311
5380 4315 4316
5381 4316 4317
5382 4318 18793
5384 4163 4318
5392 18836 4041
5393 4325 18881
5394 4326 18836
5399 4330 4327
5402 4333 18896
5403 4334 18813
5404 4327 4326
5408 4163 4334
5410 22067 18830
5414 18750 4095
5416 4318 4346
5417 4347 4340
5422 4334 4351
5423 4352 4325
5425 18902 4144
5426 4351 4347
5427 4340 22067
5432 18445 22098
5437 4362 22088
5453 4346 4362
5454 4373 4333
5458 18719 18755
5459 4377 4318
5464 4380 18445
5468 22291 22289
5471 4386 4352
5476 4362 4390
5480 18898 4373
5482 4326 18878
5483 18904 18902
5486 4397 18750
5487 4398 22291
5491 4400 4386
5492 4400 18895
5494 18817 4351
5498 4346 18811
5499 18811 4377
5501 4373 4408
5505 18878 18879
5506 4390 18770
5511 4400 4408
5512 4415 4418
5513 4408 4419
5518 4180 4178
5521 4192 18903
5522 4390 18764
5529 4188 18415
5530 4415 4188
5532 4419 4428
5541 18879 4434
5542 4188 4435
5543 4435 4380
5550 4440 4435
5553 4418 4442
5554 18904 18950
5560 4448 18898
5563 4434 22040
5564 4440 4187
5570 4187 18443
5571 18751 4397
5579 4448 4463
5582 4442 4187
5583 4398 22288
5585 4428 4466
5590 22040 4470
5606 18950 18951
5610 18765 18756
5611 4186 18765
5613 18760 4490
5615 4466 4492
5616 4492 4428
5617 4463 4492
5621 4496 4492
5622 4492 21886
5623 18897 4492
5624 4435 18446
5632 4327 18835
5638 4466 4510
5639 4191 18909
5640 4448 18909
5647 18814 18817
5668 4510 4529
5669 4496 4529
5671 18879 4531
5672 18833 18834
5673 18909 4533
5675 4510 4535
5678 4470 4535
5685 18770 18771
5688 18753 18751
5689 18754 18753
5690 4543 4496
5699 18819 18817
5700 4531 18837
5702 18771 4554
5706 4557 4186
5707 4557 18771
5710 4558 18905
5717 4561 18956
5726 4570 4557
5727 18771 4570
5729 18956 18976
5731 4543 4558
5734 4535 4575
5743 4580 18814
5745 18446 4582
5746 4582 18447
5747 4554 4584
5748 4580 4584
5751 4587 18753
5756 18446 18448
5764 4533 18910
5783 4602 4557
5790 4607 4561
5792 4608 4543
5793 4608 18906
5797 4612 4608
5800 4584 18815
5801 4616 4602
5809 22054 22287
5812 18909 18908
5818 18767 4616
5819 18766 18767
5820 18819 18833
5821 18834 4632
5835 18753 18757
5836 18757 18766
5838 4587 18752
5839 18910 4645
5840 4646 4645
5846 4645 18911
5850 18958 4607
5860 22116 4582
5861 4660 18958
5867 18957 22054
5870 18957 4561
5876 22050 4612
5877 22050 18900
5878 18816 18817
5880 18815 18816
5889 18883 18882
5891 18825 18816
5893 4632 18838
5912 18919 4646
5919 18906 18907
5920 4701 18919
5927 18841 4708
5928 18888 18899
5934 4645 18959
5948 4701 4721
5952 4708 4724
5953 4724 18884
5957 4490 4582
5958 4490 4234
5959 4490 18757
5963 18838 18841
5971 4730 22050
5974 4733 18957
5975 4660 4733
5976 4728 18884
5977 4490 21885
5983 18888 22042
5988 22042 18883
5990 4741 18960
5993 18816 18821
6007 4756 18449
6008 4490 4756
6009 4758 18888
6012 4741 4760
6013 18967 4760
6014 4756 4762
6017 4765 4756
6018 18772 18767
6019 4767 18772
6021 18983 4752
6022 18968 4733
6023 18968 4250
6029 4582 18455
6030 18968 18983
6031 18457 4765
6032 18917 4730
6036 4781 18451
6037 4776 4781
6038 4721 18920
6039 18959 18920
6048 4790 4758
6053 18912 4790
6054 18912 18914
6058 4762 18456
6059 18456 4776
6062 22025 18884
6064 4760 18962
6071 18887 22041
6076 4816 18962
6081 18435 4820
6086 18967 4824
6087 4808 18441
6093 18961 4816
6094 4830 22025
6100 18826 18825
6106 4781 18450
6108 4841 4808
6109 4781 4841
6111 4841 4820
6112 4824 18969
6116 18913 18912
6125 4855 18961
6129 18920 18921
6132 4862 18917
6133 4855 4863
6136 18921 4866
6137 4867 22328
6140 4870 18826
6141 4871 4870
6145 4866 4855
6146 18922 4862
6152 18922 4879
6153 4879 4866
6158 4882 18816
6160 18826 22032
6171 4892 4830
6172 4867 18889
6173 18458 18457
6174 18820 4882
6177 18889 4897
6178 18773 4767
6179 4899 18773
6183 18761 18760
6187 4897 4905
6188 4905 18913
6189 4905 4906
6193 22335 4892
6194 22335 22329
6198 4912 18776
6199 4912 18777
6201 4906 18922
6206 4918 22336
6207 4882 4919
6208 4870 18829
6210 18777 4899
6217 4863 4927
6242 4944 4918
6243 4944 4945
6245 4927 18964
6246 22332 22334
6247 4918 18890
6251 4906 18916
6255 22331 4944
6256 18823 4919
6258 4824 18970
6264 4899 18775
6265 4960 4912
6266 4919 4960
6267 18450 4961
6274 4966 18437
6275 4820 4966
6276 18891 4944
6280 18820 18824
6283 4973 15427
6284 18838 4973
6289 18965 18962
6290 18965 18970
6295 18773 4262
6296 4262 18761
6299 22026 18886
6302 18827 18829
6303 4983 4973
6304 18452 4841
6306 4945 18893
6307 18893 4905
6309 4983 22026
6310 18824 4988
6321 4983 4997
6329 18842 4983
6333 5005 4841
6336 4961 18453
6340 18970 22284
6341 22285 22284
6344 18985 22285
6345 18963 4879
6346 18963 18964
6347 18963 18965
6348 22285 22281
6359 18762 18761
6361 18844 22026
6364 18779 4960
6365 18779 4882
6367 5025 18970
6372 18986 18990
6378 4292 18438
6379 4966 4292
6380 18840 4270
6388 5038 18842
6389 18972 5025
6390 18886 18885
6391 18774 22118
6393 5043 18829
6396 5046 18827
6407 5056 5046
6411 18915 18893
6414 18828 5046
6418 22118 5065
6420 5038 18845
6425 18442 18452
6426 5073 18915
6428 5075 4988
6429 5075 18828
6431 18454 5005
6432 18453 18454
6439 18971 18972
6440 18963 5083
6446 5083 18966
6447 18454 18442
6448 5089 5038
6449 5089 18846
6450 18965 5090
6451 5090 18971
6452 5083 5090
6461 5097 5073
6464 5097 5100
6465 18925 18963
6474 5107 18840
6476 5108 5056
6477 5043 5108
6478 5100 18923
6482 5112 5107
6484 18759 4264
6492 5118 18925
6502 19034 5075
6503 19034 18779
6504 5126 5043
6506 19126 5129
6509 5129 5132
6515 5137 19126
6516 5137 18892
6521 5065 18996
6523 4293 5114
6524 5143 18759
6531 5089 19051
6532 5149 5126
6533 19052 5089
6534 5132 19052
6538 18923 5152
6539 19047 5149
6540 19047 5112
6541 19051 19047
6543 5137 19135
6544 5152 5156
6545 5156 5118
6547 4293 18629
6549 19151 5156
6552 18996 5143
6553 5097 19145
6554 5164 5147
6555 5164 19229
6560 4293 5168
6569 19006 18778
6572 19149 5156
6575 5180 18454
6579 19135 19133
6582 19196 5118
6583 5143 5187
6584 5180 5187
6590 5180 18639
6594 5195 19006
6595 22118 19002
6596 5196 5187
6599 5083 19199
6600 5090 19199
6606 19135 19143
6607 19143 19145
6610 18633 18442
6617 19203 18973
6621 19199 19203
6627 5220 19196
6630 19222 19223
6640 5168 5229
6641 19199 5230
6647 5229 5236
6648 5237 19227
6649 5237 5164
6650 5237 19230
6654 5242 19047
6665 5254 18996
6670 19144 19143
6671 5230 19200
6672 19144 19146
6679 18629 18628
6686 5274 5195
6701 5285 5254
6702 5286 5220
6703 19007 5274
6706 5254 18993
6715 5297 19034
6725 5297 5242
6729 5236 18634
6733 5308 19197
6734 5308 5286
6735 5230 5308
6740 5313 18633
6741 18634 5313
6743 5315 5196
6746 19231 5237
6747 19231 5319
6749 5321 5297
6752 19225 22276
6759 5329 5315
6762 18637 5313
6763 18637 18454
6764 18637 5329
6765 5332 19231
6767 19035 19008
6769 19204 5337
6770 18628 5338
6772 19225 5332
6773 5308 19204
6781 5346 18632
6782 5346 18634
6783 5319 19378
6787 5337 5351
6792 5351 19206
6793 22017 19052
6801 19150 19146
6805 5329 18640
6809 19137 19144
6810 19137 19147
6811 5371 22017
6812 19036 19035
6813 19036 5321
6819 19208 19206
6820 5308 19208
6821 19208 19225
6823 19150 19147
6824 5371 19054
6827 19153 5308
6830 19150 19153
6832 5383 5285
6833 19054 5384
6840 19131 15441
6851 5384 19050
6854 19131 5398
6856 19378 19379
6857 5350 19379
6858 19379 5401
6860 19131 19137
6861 18637 18638
6862 18640 18638
6869 19201 5308
6872 5414 19050
6876 19048 5414
6879 5332 5419
6880 19379 5419
6885 19129 5371
6887 19226 19225
6888 19009 19007
6898 18630 5438
6900 5332 19232
6906 19232 19226
6910 19201 19205
6911 18640 18994
6920 19154 19153
6925 5461 5419
6926 18635 5346
6930 5438 18635
6934 5468 19129
6935 5468 19131
6939 5471 5461
6949 5476 5471
6955 19038 19048
6956 5480 5468
6959 19130 19129
6961 5485 5321
6962 5485 19038
6972 5492 18635
6975 5494 5476
6976 5494 19381
6981 19136 5398
6984 5480 5501
6986 5503 19201
6987 5503 19154
6988 19132 5480
6990 5501 19136
6994 5509 5501
6998 5512 5274
7002 5515 18994
7005 5517 5503
7006 18997 5383
7008 19202 5517
7011 18995 5515
7012 5523 5524
7015 19010 19009
7016 19010 5526
7017 19209 19208
7018 5526 4305
7019 5528 18997
7020 5524 5528
7021 18995 5529
7023 4250 4741
7025 5533 5494
7032 4315 5523
7033 4315 5538
7034 5505 18631
7035 19005 4317
7039 4315 19004
7046 5548 19043
7050 19043 19037
7052 5554 5533
7053 18995 5555
7056 5557 5509
7057 5558 5485
7058 5558 19049
7062 19212 19202
7063 5563 5554
7068 19241 5563
7069 19241 19386
7070 5569 19132
7074 4316 5572
7075 5572 5512
7076 5555 5528
7086 5580 5581
7087 5581 19210
7088 19210 5517
7089 5492 5583
7090 5569 19138
7092 5558 5586
7098 5590 19152
7099 5590 5580
7101 19210 5593
7102 18617 5595
7103 19055 5558
7106 19239 22261
7107 19004 5600
7110 5602 19136
7111 5602 19153
7114 5604 5548
7116 5606 19210
7117 5581 5606
7119 5606 5593
7121 5609 5590
7122 5602 19156
7123 19155 5602
7124 5602 5612
7125 19055 19056
7126 5600 5614
7127 5614 5572
7128 4304 18617
7129 5615 5600
7130 19000 5524
7131 19000 5615
7136 5612 5609
7137 19056 5619
7138 5619 19053
7141 5623 5604
7142 5586 5623
7143 5624 5606
7145 5625 5557
7149 5590 19160
7152 5529 5630
7159 19069 5637
7160 5638 5639
7161 5640 22371
7166 5648 5649
7169 5653 5654
7170 5655 19087
7171 5657 22315
7172 22315 22316
7173 19087 22316
7174 22440 19072
7175 19168 5663
7176 18534 18533
7177 5666 19168
7180 19184 5671
7181 5672 19075
7182 5674 5675
7183 5676 5677
7185 19170 5675
7186 5681 19170
7187 5676 19077
7188 5681 19171
7189 22433 19020
7190 5686 19185
7191 19185 19184
7193 5675 19169
7194 18652 5692
7195 5693 18652
7197 5696 5697
7198 5696 19095
7199 5699 5700
7200 5699 18623
7201 5702 5699
7202 5703 19257
7204 5707 18624
7205 5709 5710
7206 19097 5712
7207 5713 19097
7208 5714 5715
7209 5715 5716
7210 19024 19025
7211 19025 19026
7213 5722 19094
7217 5730 5731
7219 19290 19108
7220 18668 5736
7221 19339 5738
7226 19291 19289
7227 19477 19469
7230 18569 18568
7240 5767 5768
7241 5769 5768
7242 5770 19241
7247 5775 5625
7248 19242 5770
7249 5593 5777
7250 5777 19212
7251 4311 5777
7254 5770 5780
7255 5555 5781
7259 19213 19207
7260 5784 5775
7273 5797 5630
7284 5804 5624
7287 5619 19061
7288 5583 18636
7289 18636 18638
7294 5777 5811
7295 5811 19213
7307 18631 5492
7309 5821 18638
7310 5821 18641
7311 5821 5797
7317 5827 5828
7318 5827 19235
7324 5833 5775
7325 19010 5834
7326 5572 5834
7327 5828 19220
7328 5834 5836
7330 19234 5828
7331 5811 5839
7332 19218 5839
7333 19011 19000
7334 19011 5614
7337 5845 5770
7341 5781 18998
7342 5849 19155
7343 19160 19161
7344 19161 5804
7346 5853 19011
7357 5862 19243
7359 5780 19387
7360 19014 5836
7362 5867 5821
7363 19139 5833
7368 5873 19161
7370 18642 5867
7375 22257 22262
7376 19244 5845
7377 19244 19243
7378 22257 5827
7380 5839 19215
7381 5861 5883
7382 5883 19387
7383 19243 22260
7386 19214 5777
7387 19387 19244
7391 5889 19243
7393 5891 5892
7395 5894 19387
7400 19220 19219
7409 5905 19139
7410 5905 5784
7411 5784 5891
7412 5906 5889
7413 5907 5873
7414 5908 5849
7415 5891 5602
7417 19388 5894
7420 5839 5912
7421 19219 5912
7422 5836 5913
7423 5913 19039
7437 5924 19055
7438 22124 19058
7446 5931 19388
7449 5934 5931
7459 19057 5924
7464 19219 19221
7465 22256 19237
7466 19001 18998
7467 19001 19011
7468 5949 5907
7470 22124 5924
7471 5913 5951
7472 5951 19037
7473 19216 5606
7474 5953 5934
7476 5955 15455
7477 5955 5905
7482 5958 5953
7483 19396 5958
7487 5962 19041
7488 5964 5908
7494 5968 5853
7495 5968 19012
7496 5962 5951
7497 19044 5962
7499 5972 5906
7501 19217 19216
7502 5972 19246
7504 5977 5962
7505 19163 19217
7506 5977 5979
7507 5980 18642
7508 19389 5972
7511 19236 19221
7517 5905 5987
7519 19046 19057
7520 5990 19014
7521 5987 19140
7522 5992 5964
7523 5992 5949
7524 19015 5990
7525 5979 5994
7535 5994 6004
7547 5994 6013
7548 19157 5992
7552 5958 5648
7553 19046 6016
7554 6017 6016
7555 6004 6017
7557 19065 19064
7564 19238 22256
7565 6025 19236
7566 19065 19068
7567 5958 19391
7568 19163 6028
7586 6040 19389
7589 19068 19069
7591 19013 5968
7592 19013 19015
7594 22363 18520
7595 22363 22360
7597 5987 5653
7598 5638 18519
7599 18520 5638
7602 6047 19001
7603 5912 6048
7605 6028 6050
7606 6051 5980
7607 6051 18999
7608 6047 6051
7611 6055 5955
7612 19059 6016
7613 19059 6057
7615 18643 5980
7616 6013 6060
7619 6062 6025
7620 6063 19013
7621 22445 22446
7622 22446 19065
7625 5654 6066
7626 6013 6067
7627 19042 6069
7628 6067 19042
7631 6072 19157
7632 19141 6066
7635 6076 5977
7636 6069 6077
7637 6077 6076
7639 6055 6079
7640 6079 6080
7643 6083 6040
7644 6066 19142
7646 22447 19067
7647 6087 6062
7648 6086 6088
7649 19159 6072
7650 19059 19060
7651 22445 19060
7652 6088 19060
7653 6091 22447
7654 6092 6091
7655 6060 19045
7656 6072 19158
7658 6083 6095
7659 6096 6092
7660 5637 6096
7665 19040 6076
7666 6102 6096
7667 6102 6055
7670 19158 6104
7671 6047 6105
7674 19217 6108
7675 6048 6108
7677 6079 21874
7678 6111 5638
7679 6111 22363
7680 19016 19040
7684 19060 6116
7685 6072 19162
7686 19162 6050
7687 6048 19252
7689 6119 19016
7690 6120 6063
7692 6121 22376
7694 6121 22378
7695 5990 6123
7696 6123 6119
7697 6124 6102
7699 6125 19141
7700 6066 6080
7701 18645 5867
7702 6034 6127
7704 6102 22137
7705 6079 19164
7706 6129 6034
7707 6129 18598
7708 6127 18535
7709 6132 5640
7710 6127 6132
7712 18533 22358
7715 6121 22377
7716 6123 6136
7720 19086 6091
7725 6108 6143
7726 5639 18505
7727 6144 6125
7729 19045 6146
7730 6095 6147
7731 19167 6144
7732 6104 6149
7733 6150 6124
7734 6151 19159
7735 6152 6124
7736 6149 19172
7737 6116 6186
7738 6154 6016
7739 6154 6146
7740 6146 6155
7741 22440 6076
7742 6155 22440
7743 6116 19081
7744 6147 6157
7745 6157 19392
7746 5673 6154
7747 5659 19086
7748 5659 6152
7749 6159 6150
7750 6159 19164
7751 6160 19172
7753 6163 19272
7754 19273 6163
7755 6166 19179
7756 19082 6169
7757 6088 19082
7760 22367 18619
7761 18650 18643
7763 19017 22437
7766 6070 6180
7767 6180 18636
7768 6150 5659
7769 19167 6181
7770 19172 19167
7771 6143 19247
7772 19247 6108
7773 6183 6159
7774 6183 19164
7775 18645 6184
7776 22422 6180
7777 6186 22444
7778 19162 6187
7781 6143 6187
7782 6189 6120
7783 6189 6136
7784 19075 5673
7785 6191 6183
7786 6181 6191
7787 6119 6192
7788 22422 18621
7790 6195 19086
7793 19027 6189
7794 18615 18621
7795 19247 19248
7796 6199 19081
7799 22443 22444
7800 6187 6202
7801 6203 6204
7802 6202 6203
7803 6205 6206
7805 6206 6199
7806 19265 6087
7809 6201 6211
7810 6211 6205
7811 6212 6151
7812 6203 6212
7813 6202 6213
7816 19183 6213
7817 19183 6187
7820 6212 19180
7821 6213 19182
7824 6192 6220
7825 5663 6183
7826 19264 19265
7827 6222 6159
7828 18504 18505
7830 6180 6224
7832 6157 6225
7834 6227 19252
7836 19409 6230
7837 6225 19409
7838 5649 19412
7839 6105 6232
7840 5666 6222
7841 6233 6129
7842 6234 6160
7843 19265 22168
7844 22168 19271
7845 6236 22168
7847 6237 19027
7848 6222 5655
7849 6234 6191
7850 22440 19070
7851 6238 6220
7852 6232 19020
7853 19158 6166
7854 6212 6166
7855 6238 6237
7858 19272 22168
7859 6121 22374
7860 22374 6240
7861 6195 5657
7862 19412 6241
7863 5671 19183
7865 5671 19247
7866 22367 6233
7867 6240 22367
7868 6240 22375
7869 6237 22434
7870 22459 22357
7871 5666 6243
7872 19020 6178
7873 6238 19029
7874 19082 5657
7876 5672 19074
7877 6247 22437
7880 6250 22443
7881 22252 6163
7882 6230 6252
7883 6169 6253
7886 6254 18503
7887 18504 6254
7888 19072 6256
7889 19072 6257
7890 6257 5672
7891 6111 6258
7892 19179 6234
7893 6259 19184
7894 19040 19070
7895 6261 19273
7896 6253 6262
7897 19080 6250
7898 6262 19080
7901 19180 5686
7902 19249 19248
7903 19179 5686
7904 6241 6266
7905 6267 22459
7906 17500 6254
7907 6178 6247
7908 19029 6269
7909 6243 19165
7910 19168 6271
7911 17500 17501
7913 6274 6275
7914 6275 6184
7915 6276 6256
7917 6277 6261
7918 6252 6277
7919 6224 6274
7920 6243 19166
7921 19411 19409
7922 19073 6257
7923 19073 6276
7927 6283 22420
7928 18534 22421
7929 22374 6173
7937 6234 19174
7940 5677 19080
7941 6292 18651
7942 6294 19411
7943 6266 6294
7951 6301 6227
7953 17500 6298
7954 19166 5681
7955 6247 6303
7956 19251 19249
7957 6303 6292
7959 19165 5674
7961 6307 18621
7962 6307 22451
7963 6308 6294
7965 6271 6309
7966 6310 6259
7967 6311 6254
7968 19411 19413
7969 6313 6307
7971 6258 22364
7972 6283 6315
7973 19267 19268
7974 19250 6259
7975 19250 19251
7979 6275 6321
7980 18644 6321
7982 6324 18650
7983 19171 6325
7985 6327 6308
7986 19253 6301
7988 6292 6293
7990 6269 6330
7992 6332 22450
7993 6321 6332
7994 6325 6333
7995 19185 6334
7996 6335 19073
7997 19090 22311
7998 6333 6337
7999 6321 6338
8004 6343 6344
8005 6338 6332
8006 6345 5676
8007 6345 6343
8008 22431 22433
8012 22425 6338
8013 6348 6254
8015 6349 18505
8016 6258 6349
8017 6349 18506
8020 6353 6354
8021 19084 19083
8023 6348 17502
8025 6359 6307
8026 19084 6354
8027 6360 22431
8028 22433 6360
8030 19021 22432
8031 6345 6363
8036 19254 19250
8037 19253 19254
8039 6368 18506
8040 6363 19078
8041 6309 19175
8044 6373 19084
8046 6368 6311
8047 6375 19073
8048 6344 6373
8050 6377 6310
8059 22456 18534
8060 22457 22370
8061 6353 19085
8062 6384 22306
8063 6363 6385
8064 19421 6327
8066 6353 6384
8069 19090 19091
8070 6389 6384
8072 6391 6399
8073 19255 19254
8074 19255 6393
8078 22425 22427
8080 22427 18649
8081 19091 6391
8082 6384 6399
8083 6400 19255
8084 6399 19088
8085 6360 19028
8086 18649 6403
8087 6330 6404
8088 6405 6335
8089 19076 6405
8090 6385 19076
8091 6334 19191
8092 19191 6377
8094 19255 6409
8095 6410 22247
8096 19255 22230
8098 6412 6315
8099 19022 22432
8100 6414 6415
8101 6403 6414
8102 6416 22427
8103 5700 6173
8104 5700 6359
8105 6337 6417
8106 6417 6418
8108 6420 22370
8114 6415 6425
8115 6303 15520
8121 6418 6430
8122 22429 19022
8123 6432 6313
8124 6432 6332
8127 6435 19028
8128 6409 19259
8129 6425 6437
8130 6432 6438
8131 6368 6439
8134 6438 18627
8135 6442 19076
8136 6443 22429
8137 6404 19033
8138 6430 6445
8142 6448 6443
8144 19033 6450
8145 6450 6375
8146 22225 19282
8147 19023 6437
8148 6448 19023
8149 6445 6453
8150 19279 6400
8153 5697 6389
8155 6458 6435
8160 18506 22413
8161 18532 22412
8162 22412 22416
8163 19096 19088
8164 6463 6416
8165 19176 6417
8166 19093 19092
8167 19421 19424
8168 19424 6467
8170 6469 19093
8173 6450 6471
8174 6472 6439
8176 6474 6438
8177 19030 6458
8178 22225 19285
8184 6481 6442
8187 6483 6348
8188 6484 6463
8189 6453 6485
8190 6437 5692
8194 18623 6474
8201 19283 6451
8203 19177 19096
8204 18624 6474
8205 6495 6484
8209 19259 6498
8210 19177 19176
8214 19258 5703
8215 6498 19258
8217 6485 5710
8218 5710 6502
8219 19285 6503
8220 6503 19410
8221 6471 19079
8222 19079 6481
8223 19260 19279
8225 6502 19187
8226 6448 19024
8227 19191 19192
8228 19192 19193
8229 19187 6510
8230 6472 18507
8231 6512 19030
8232 6510 19188
8234 19079 6515
8239 6519 6338
8240 6519 6495
8241 6520 19426
8243 18626 5715
8244 18654 19025
8251 6520 19427
8252 18653 6536
8253 6537 6538
8255 18532 6540
8256 6540 6541
8257 6538 19190
8265 6552 6553
8267 6555 6556
8268 5731 18508
8269 18508 6439
8270 18508 22413
8271 19287 19286
8272 6555 6537
8273 19417 19415
8274 6561 18508
8275 19287 19417
8276 18507 6562
8278 6503 19416
8279 6565 19079
8280 6566 5707
8281 19178 6453
8282 6568 6450
8285 19177 6571
8286 19031 6512
8287 19031 6568
8288 19031 6573
8289 6574 6515
8290 19283 19284
8291 6576 6469
8292 19280 19279
8293 6578 19031
8296 6579 22457
8297 6580 5693
8298 5702 6581
8299 5699 6581
8304 6568 6584
8306 6553 6565
8307 6553 6576
8309 18507 6587
8310 19416 19418
8311 6589 6574
8312 6584 6589
8313 6467 6590
8315 6519 6592
8317 19188 6593
8318 6594 5696
8319 6587 6595
8320 6581 18622
8321 19424 19418
8322 19094 6594
8323 5716 6566
8327 6598 19414
8331 18622 5714
8332 19094 6600
8333 19026 19031
8334 6601 5709
8335 6602 6580
8336 6603 6594
8340 6519 18647
8341 18647 6602
8342 22380 5702
8343 6608 6578
8344 19192 19194
8347 6611 5692
8348 6593 6612
8349 6613 6608
8350 6614 6603
8351 6612 19194
8352 19258 19262
8353 19262 19260
8354 6595 6616
8357 19415 6598
8360 6536 6611
8361 6619 6613
8363 6592 6621
8364 6621 18647
8365 6622 19079
8366 6623 19256
8367 6571 5713
8368 19257 19261
8369 6626 6601
8374 5724 6483
8375 6630 19192
8376 6630 6623
8377 6631 5724
8378 6631 6348
8379 6631 6472
8380 19189 6626
8382 6611 18654
8383 6616 5730
8386 6636 6619
8393 6556 19189
8396 6590 6520
8397 6541 6579
8399 6541 6641
8400 6641 6420
8405 5712 6614
8408 18508 6562
8410 5715 6645
8411 6646 22380
8415 18646 18627
8416 18646 6621
8417 6578 6650
8419 6651 18626
8420 6651 6652
8421 6653 19280
8422 19262 6654
8423 6655 22355
8424 6646 6655
8425 6656 5722
8426 6652 6645
8427 6657 6646
8428 19032 6636
8429 6659 6540
8435 6645 22381
8436 6664 6655
8437 19195 6630
8438 6666 19195
8439 19190 6666
8442 18646 6651
8443 18625 6645
8444 18537 6659
8445 6540 22352
8446 22352 6541
8447 18537 22353
8448 19335 19287
8449 6672 18532
8450 6672 6561
8451 6673 6631
8452 6562 6673
8453 6674 6622
8454 6675 18646
8455 6676 18653
8456 6663 6657
8457 6659 6677
8458 18571 6672
8460 6680 6656
8461 6681 18537
8463 6657 6681
8465 6681 6659
8466 18673 18647
8467 6685 6555
8468 6677 18571
8469 22221 6653
8470 22221 19335
8472 6688 6674
8473 6673 18538
8474 6690 19335
8475 18648 18647
8477 6693 6675
8478 6693 18673
8480 19318 19330
8481 6697 6688
8482 6698 6680
8483 6654 19316
8484 19418 22223
8485 22218 6690
8486 18676 18653
8487 6702 6685
8488 22223 22218
8489 6703 18625
8490 6703 6652
8493 19288 6702
8494 19195 19313
8495 19313 19316
8496 19316 19317
8497 19317 19318
8498 6709 19032
8501 19100 6709
8504 19480 6714
8506 6716 6697
8507 6717 22220
8513 6721 6552
8514 6722 6693
8515 6722 18648
8518 6724 6698
8519 19104 6716
8520 19104 22304
8522 6727 6703
8524 19107 6729
8525 6729 21888
8526 19107 21888
8527 19107 6724
8534 6736 6675
8535 6737 6663
8536 6727 18664
8537 6721 6729
8538 6702 19293
8539 22223 19466
8540 18664 6741
8543 6703 18665
8544 19466 19480
8547 6746 6736
8548 19331 22220
8549 19330 19331
8550 19108 19107
8555 6750 6751
8556 19098 6676
8557 5753 18567
8558 5753 6672
8559 6754 19331
8569 6759 6722
8574 18540 6764
8575 19480 6765
8577 6764 18544
8578 18544 6561
8579 18544 18567
8582 6770 6717
8583 6771 6754
8584 19313 19296
8586 6774 6681
8587 6774 6737
8589 19475 19466
8590 18656 6727
8591 19475 19474
8595 18655 6774
8596 6783 19100
8598 18665 6785
8599 6785 6751
8600 6786 6759
8601 6786 18676
8602 6787 19288
8603 6729 6788
8604 19332 6771
8606 18677 6786
8609 19108 6793
8610 6746 6794
8611 18540 6795
8612 6796 6783
8616 18665 6797
8617 6798 22304
8618 6799 6787
8619 6799 19294
8620 6801 22390
8621 6801 18656
8622 19294 19296
8624 6677 18574
8625 6804 6911
8626 19101 6796
8627 6741 6806
8628 6797 6806
8629 6765 19482
8635 6812 19332
8636 19465 6770
8639 6793 6815
8640 19474 19478
8642 6818 6819
8643 19478 6820
8644 6820 19482
8648 6823 18655
8649 6824 6818
8652 6785 6825
8653 6819 6826
8654 6826 6812
8655 19105 6788
8656 6818 19320
8659 6831 6804
8660 18655 6831
8661 6832 6833
8662 6833 19315
8663 19315 19313
8667 6836 6750
8668 19319 6824
8669 19315 19319
8670 6838 6746
8675 6794 6842
8676 19289 6799
8677 6843 6838
8680 19336 6770
8681 5738 19336
8689 18545 18544
8690 6806 18666
8692 22387 6854
8699 6859 6836
8701 6815 6861
8702 6825 18667
8703 6831 6863
8704 6820 19477
8705 18668 18667
8706 18668 6859
8707 18668 6838
8711 6861 6866
8712 6866 19110
8713 6812 19333
8715 19298 19296
8716 19294 19295
8717 6871 19101
8718 6872 6843
8719 6842 6872
8721 19333 19339
8722 18569 6874
8727 19098 6786
8729 19320 6879
8735 6874 18574
8736 19314 6832
8737 6883 22389
8740 6788 6885
8741 6886 18569
8742 6887 19290
8743 6887 19291
8745 18678 18677
8751 6894 6895
8754 6894 6871
8759 6885 19109
8761 19110 6902
8762 6903 6885
8763 19109 6903
8767 19295 19297
8768 6879 19321
8769 19321 19336
8771 19315 6909
8772 6909 19321
8773 19469 19467
8775 6854 6911
8777 6913 6823
8778 6903 6914
8779 6915 19314
8780 5736 6916
8781 6759 6916
8782 5736 6917
8783 19098 6918
8789 6902 19113
8792 6914 6926
8793 6863 6927
8794 18678 6928
8796 19113 6930
8797 6928 6918
8798 6917 6931
8799 6909 6932
8800 19321 6932
8804 6926 6936
8805 19301 19298
8808 6939 19113
8809 6885 19112
8810 19112 6939
8811 6941 19465
8812 19467 6941
8814 6942 18678
8815 6916 6943
8816 6944 6945
8818 6947 6936
8822 6945 6950
8824 6930 6953
8825 6953 6944
8826 19297 19301
8827 6932 6954
8830 6956 19098
8831 19099 6956
8832 6958 6947
8833 6954 19325
8834 6960 6887
8837 6950 6960
8838 6962 6915
8840 22302 6894
8841 22302 6958
8847 6960 19292
8848 19323 6962
8849 6954 19323
8852 19323 19301
8855 6931 6973
8857 6942 6975
8858 19106 6903
8860 19337 6932
8862 6943 6980
8864 6982 21994
8869 6980 18674
8871 6942 18674
8912 7014 19323
8925 6975 7024
8934 19472 19484
8939 19484 7036
8945 19292 19299
8947 7042 19470
8948 19485 7036
8953 7042 19471
8959 19300 19299
8960 7053 19302
8963 7056 6973
8968 7053 19300
8973 19327 7062
8974 19337 7062
8976 7062 19338
8978 18675 18674
8979 7066 7053
8980 7067 6956
8981 7067 19102
8982 19338 7068
8992 7075 7066
8993 19303 7075
8998 7082 18675
9002 7068 7085
9012 7084 7092
9015 7095 7067
9024 7103 22300
9025 5767 19485
9028 7105 5767
9029 7106 7105
9031 7024 18679
9032 7109 19303
9038 7078 7056
9039 18675 7078
9046 7119 7109
9048 7119 19324
9049 7014 19324
9052 2761 19337
9053 7085 7123
9055 19340 7123
9056 19340 7126
9059 19341 7126
9063 7131 19341
9064 7092 5769
9066 7133 7131
9068 22216 22214
9069 22215 7103
9073 7138 19508
9076 7139 7133
9079 7142 7139
9087 7138 7140
9088 22214 22295
9092 7139 19486
9096 7148 7142
9106 7161 7062
9107 19473 7106
9108 2761 19328
9112 7165 7082
9114 7140 19515
9120 7078 18680
9129 7175 6885
9130 7175 19120
9131 7067 21981
9152 19486 19487
9161 7138 5768
9164 7199 7165
9167 19510 5768
9174 19343 7161
9175 19328 19343
9177 18680 7207
9178 7208 22216
9180 19299 7210
9182 18679 7212
9183 21981 18682
9185 7210 7214
9191 7219 7208
9192 7210 7220
9193 7221 21981
9197 19343 7224
9199 7221 7226
9203 7220 7230
9204 19350 7224
9205 7226 7232
9208 7234 19350
9209 19117 19106
9217 7239 7199
9226 7245 7095
9227 7230 7246
9228 7214 19310
9229 19310 7119
9230 7138 7248
9232 7207 7250
9235 7248 7252
9237 7254 7221
9256 7269 7234
9258 7269 7271
9260 7273 7239
9261 7273 7212
9262 19488 7271
9263 7232 7275
9266 7276 19343
9268 7278 7219
9275 7284 7276
9277 7286 19494
9278 7288 7212
9281 19493 7278
9282 7292 7245
9285 7294 19488
9288 7296 19493
9289 7297 7296
9290 19494 7297
9296 7302 7254
9297 7246 7303
9298 7303 19304
9300 7305 7245
9305 7250 7309
9307 7286 7311
9310 19487 7314
9311 19489 7314
9318 7275 7320
9319 7271 7321
9320 7314 7321
9325 7325 7292
9326 19117 7325
9329 7327 7294
9330 7325 19116
9333 19342 7284
9340 7335 7309
9341 7335 7273
9348 19121 7342
9352 19490 22210
9355 7347 7175
9358 7350 7292
9359 19344 19342
9366 7214 7359
9370 7342 19305
9371 19305 7347
9374 7309 7363
9380 7368 7288
9381 19513 7248
9382 7370 7327
9388 7311 7374
9389 7375 19513
9390 19122 19121
9391 7377 7335
9392 7363 7378
9395 7374 19496
9400 7359 7384
9401 19344 7384
9402 7385 7377
9403 7378 18681
9404 7385 18681
9405 7387 7370
9406 19342 19346
9410 7394 7395
9413 7400 19354
9414 7402 7403
9415 19309 7405
9418 7394 19354
9433 7433 7434
9445 7454 7455
9449 7462 7463
9450 20413 19827
9454 19826 19823
9492 7532 7533
9493 19122 7534
9497 7305 7533
9498 7538 7325
9499 7321 19491
9506 19491 22208
9509 7377 7544
9510 7544 7368
9512 7546 7538
9513 7547 7532
9524 19306 7347
9525 7534 7538
9526 7303 19306
9527 18681 7557
9528 7558 7375
9531 7561 7387
9541 7567 19306
9544 19346 19347
9545 19496 7570
9546 7571 7558
9548 19497 7570
9549 7574 19343
9550 19492 22209
9551 19511 7571
9553 7578 7571
9560 7582 7384
9561 7583 7302
9562 7583 7547
9563 19512 7578
9568 19514 19512
9569 7544 7589
9570 7590 7570
9577 7595 7546
9587 18681 7602
9593 7606 7582
9604 19103 7583
9607 7606 19345
9610 7616 19497
9611 7616 19511
9612 7617 7590
9619 19353 7624
9623 7628 7534
9624 7628 19124
9636 19347 19352
9653 19352 7400
9654 7400 19353
9662 19345 7654
9671 7589 7660
9673 7624 7661
9674 19498 7617
9675 7661 7663
9676 7663 7574
9677 7663 7561
9683 7667 7663
9684 7405 19311
9685 19311 19312
9686 7670 7557
9691 7403 7628
9697 7677 19103
9700 7679 19498
9701 19355 7667
9702 19118 7595
9706 19123 19119
9707 7395 7663
9708 7395 19355
9709 7395 19491
9714 7654 19348
9723 7694 19123
9724 7403 7694
9730 7699 7350
9731 19118 7699
9733 7701 19308
9735 7701 19309
9736 19348 7704
9738 7704 7705
9739 7567 7706
9740 7660 7677
9746 7402 7711
9748 7706 7711
9749 7705 19820
9750 19820 19354
9765 7706 7723
9766 7723 7701
9767 7724 19312
9774 7724 19819
9780 7660 19652
9788 7706 7742
9789 20418 22203
9790 7744 19803
9791 7742 7744
9792 7744 7723
9793 7711 7744
9810 7757 7660
9813 19766 7660
9814 7699 19766
9820 19652 7763
9821 7763 7764
9822 7694 19777
9823 7699 7766
9825 19777 19118
9827 7744 7769
9828 7723 7769
9830 7771 7744
9835 7771 7711
9838 7769 7771
9854 7788 7789
9855 20418 22204
9856 22203 7789
9864 19777 7795
9872 7801 20433
9875 7766 7804
9877 7402 19777
9880 7807 7788
9884 20433 7807
9886 19769 7766
9891 7815 7801
9898 7820 7815
9909 19825 19820
9910 19825 7394
9911 20434 7820
9914 7833 20434
9917 7769 7835
9919 20435 7833
9927 7842 7763
9928 7843 7670
9929 7764 7843
9939 19762 7757
9943 22198 20409
9954 7859 19769
9963 19819 19818
9967 7795 7867
9972 19824 19825
9973 7870 20418
9975 7871 19766
9976 7871 7804
9977 7871 7859
9982 20439 7873
9984 19818 7877
9990 19651 7842
9991 19762 7883
10000 7889 7807
10009 7867 19776
10010 19806 7835
10032 20419 7870
10033 20419 7889
10039 7913 20439
10044 22198 20419
10070 7883 7935
10081 7943 7913
10083 7945 19806
10084 7877 7945
10086 19776 7946
10095 7956 19651
10096 19762 7956
10104 7843 19648
10105 20436 20435
10109 7965 7871
10112 19770 7965
10115 7971 19770
10116 7972 7971
10119 7975 20419
10122 7978 7972
10136 7989 19648
10147 20436 7996
10149 7978 19773
10155 8003 7989
10161 19804 8009
10162 7835 8009
10165 8011 8003
10179 19773 19772
10181 8022 7945
10182 8023 7946
10183 8024 7975
10189 8029 20410
10196 20441 7943
10202 8039 8003
10209 19648 8045
10210 8046 7971
10217 8050 8011
10222 19763 7935
10223 20415 22184
10227 8058 8029
10228 20415 8058
10229 8059 8023
10231 8059 8060
10234 19779 8059
10235 19779 8063
10237 8065 19772
10238 8060 8065
10243 19821 8022
10250 8074 19804
10266 7996 8088
10270 20419 8091
10271 8088 8091
10272 8092 8050
10273 7956 8092
10285 8102 8074
10291 8091 20437
10292 19778 7771
10296 8102 8110
10299 8113 7971
10302 19827 19821
10303 19827 19824
10309 8063 19778
10313 8110 8120
10316 19763 8122
10317 20440 20441
10319 8120 7434
10328 19823 19821
10331 19765 8132
10332 19763 8133
10335 8136 8046
10338 8091 20440
10339 8113 8132
10340 8133 7455
10341 7455 19765
10342 19775 19779
10345 8140 8092
10346 8039 8141
10348 7463 20437
10354 8147 8024
10357 20437 8150
10366 8155 19775
10376 8162 8140
10381 8113 8166
10384 8166 19767
10385 8122 8169
10387 8169 19653
10401 8141 8181
10420 19653 8192
10421 8150 8193
10434 8192 8162
10443 8193 8209
10446 8209 8211
10458 8162 8216
10459 20440 20443
10463 20420 8147
10464 8220 8155
10475 19778 19782
10480 8230 20420
10485 22182 20415
10486 20420 8234
10488 22182 8230
10489 8235 7433
10493 19826 19827
10502 8181 19649
10505 19774 8246
10506 19774 8136
10507 19774 8220
10511 8250 20413
10512 22183 20416
10519 20421 20413
10520 20420 7462
10523 8235 8257
10527 19767 8262
10528 8246 8262
10539 8234 8272
10542 8257 8274
10544 19827 8275
10547 19781 19805
10548 8274 19805
10554 8281 19781
10573 19782 8293
10574 8294 7454
10578 8293 19781
10582 8294 19764
10590 8211 20442
10592 8162 8306
10607 8318 15542
10611 8322 20421
10617 20442 8327
10632 8150 20438
10633 20438 8338
10636 8338 7462
10638 8318 22183
10649 8216 8348
10650 19764 8348
10656 19774 8352
10687 8272 8372
10724 8275 8398
10745 19828 19826
10746 8398 19828
10747 8414 19808
10748 8009 19808
10752 8414 8419
10759 8422 19828
10760 8422 8322
10763 8424 8372
10774 8022 19809
10791 8445 8306
10792 8348 8445
10797 8424 8449
10823 19809 8467
10826 8470 8424
10830 8474 19765
10849 19822 8467
10850 19816 19822
10860 8352 19784
10891 20428 8470
10904 8532 8422
10922 8281 19811
10938 8449 22179
10944 8553 20428
10961 20444 8553
10966 19808 19816
11034 8445 8615
11043 19774 19784
11044 19782 19784
11051 8615 19655
11063 19826 19831
11077 19831 19826
11099 19655 8655
11111 19812 8419
11112 19812 8662
11194 8719 8655
11209 8729 8474
11212 19812 8732
11236 19784 19785
11237 19785 19783
11264 19783 8729
11269 19840 8532
11273 8655 8780
11309 19832 19816
11315 8814 19831
11338 8732 19813
11339 8780 8835
11351 19785 19786
11360 19840 19841
11375 19768 8294
11376 8729 19768
11453 8913 19813
11461 8835 8919
11481 8935 8719
11503 19832 19833
11562 19786 19789
11572 19789 9004
11573 8913 9004
11582 8919 9009
11584 9009 9011
11605 9011 9031
11615 9004 9036
11639 19833 19834
11659 9031 9071
11661 19835 19834
11662 19835 8814
11678 9086 8935
11691 8913 9095
11700 9036 19790
11732 9125 19835
11737 9095 19814
11809 19814 9183
11815 19790 19815
11816 9183 19815
11962 9364 19835
11996 9390 9086
12119 19815 19788
12121 19792 9390
12122 19788 19792
19784 5089 19047
19785 15419 18419
19787 15423 3933
19788 15425 18408
19789 15427 18839
19790 15429 18805
19792 15433 18984
19795 18805 18804
19796 19125 22325
19797 15442 22022
19798 18892 18894
19802 19062 19064
19805 15455 19062
19848 15520 19019
19849 6798 6650
19860 8045 7602
19862 15540 20417
19863 15542 15540
20725 8045 8073
20727 6895 6798
29653192 21874 19164
29653202 21884 18420
29653203 21885 18760
29653204 21886 4496
29653205 21888 6576
29653268 18682 7212
29653277 21993 7078
29653278 21994 18667
29653280 21996 18666
29653293 22015 22307
29653294 19089 19090
29653295 22015 22310
29653296 15455 5569
29653297 15441 22319
29653298 19127 22323
29653299 19133 22022
29653300 15442 5137
29653301 19128 15442
29653302 22022 19134
29653303 18892 18891
29653304 18885 18844
29653305 18844 18843
29653306 18843 18842
29653307 18886 22332
29653308 18821 18822
29653309 18822 22032
29653310 22032 4882
29653311 18778 18779
29653312 18776 4570
29653313 18882 22040
29653314 22046 18880
29653315 22041 18883
29653316 18880 22041
29653317 22046 18837
29653318 22046 4728
29653319 18837 22047
29653320 18841 22047
29653321 22047 18834
29653322 18899 4575
29653323 18907 4701
29653324 18952 18953
29653325 18953 22054
29653326 18908 18952
29653327 18976 18977
29653328 18833 4632
29653329 18835 18834
29653330 15429 4330
29653331 18818 18796
29653332 22066 18831
29653333 18796 18789
29653334 18831 18818
29653335 22066 15429
29653336 4340 18818
29653337 18830 18832
29653338 22067 22066
29653339 18756 18754
29653340 18763 18721
29653341 22073 22078
29653342 18720 3764
29653344 22078 22095
29653345 18746 3971
29653346 18745 18744
29653347 18745 18748
29653348 18748 22081
29653349 22081 18792
29653350 18743 3598
29653351 18744 18743
29653352 18793 18792
29653353 18747 18749
29653354 18769 18747
29653355 22090 18739
29653356 22090 18740
29653357 22089 22090
29653358 18739 18742
29653359 18742 15438
29653360 18714 22095
29653361 18713 22094
29653362 18424 18423
29653363 18423 18713
29653364 18712 18711
29653365 18409 22103
29653366 18711 15420
29653367 15420 22095
29653368 18408 18407
29653369 18407 18405
29653370 18414 18413
29653371 18448 4587
29653372 18455 4776
29653373 19002 19003
29653374 19003 5195
29653375 19008 19006
29653376 19086 6096
29653377 19063 22124
29653378 19066 19063
29653379 15427 4870
29653380 19058 19061
29653381 19061 19064
29653390 6124 22137
29653391 22137 19164
29653393 15419 15420
29653405 18404 3181
29653406 3181 22153
29653419 19271 19245
29653420 19245 19238
29653428 20426 22179
29653429 20417 20426
29653430 22179 8318
29653431 15542 8250
29653432 22183 22182
29653433 20416 8250
29653434 22184 22189
29653435 22185 22184
29653436 22186 22185
29653437 22187 22186
29653438 22186 22188
29653439 22185 22189
29653440 22189 22188
29653441 22188 22193
29653442 22187 20412
29653443 22198 20411
29653445 8029 22192
29653446 22192 22193
29653447 22194 22187
29653448 22193 22187
29653449 22192 22194
29653450 20412 22198
29653451 20411 7743
29653452 20409 7395
29653453 22203 7679
29653454 22204 7743
29653455 22204 19495
29653456 7743 19492
29653457 22205 19490
29653458 22205 19490
29653459 19491 22207
29653460 22208 22207
29653461 22207 22209
29653462 22209 22205
29653463 22208 19490
29653464 22210 22211
29653465 22211 22212
29653466 22212 19489
29653467 22210 7208
29653468 22214 19473
29653469 19473 22215
29653470 22215 22296
29653471 19470 6941
29653472 6690 22221
29653473 22220 22221
29653474 19335 6653
29653475 19286 6451
29653476 6451 22225
29653477 22226 19281
29653478 22228 19269
29653479 22230 19266
29653480 19282 6410
29653481 19270 22226
29653482 22226 6410
29653483 22228 19270
29653484 22230 22228
29653485 22238 22239
29653486 22239 22240
29653487 22239 22241
29653488 22242 22243
29653489 22244 22242
29653490 22242 19275
29653491 19275 19277
29653492 22247 19275
29653493 19277 19278
29653494 22247 22244
29653495 22244 22238
29653496 22243 22241
29653497 22238 22240
29653498 22240 22243
29653499 22241 22249
29653500 22249 19276
29653501 22249 19274
29653502 19268 22252
29653503 19274 22252
29653504 22256 22257
29653505 19240 22259
29653506 22259 22268
29653507 22259 22267
29653508 19235 22261
29653509 22262 22263
29653510 22263 19239
29653511 22261 19233
29653512 22262 22266
29653513 22267 22260
29653514 22267 22269
29653515 22269 22266
29653516 22268 19240
29653517 22269 22268
29653518 22266 19239
29653519 22260 22257
29653520 19233 19226
29653521 19222 22285
29653522 22276 19224
29653523 22276 19222
29653524 15434 18968
29653525 22277 22278
29653526 22277 15434
29653527 18984 22277
29653528 22278 18985
29653529 22281 18986
29653530 18985 22281
29653531 18973 22285
29653532 22284 15434
29653533 18951 22287
29653534 22288 22287
29653535 22289 22290
29653536 22287 22290
29653537 22290 4398
29653539 22289 18955
29653542 22288 18956
29653543 22294 22295
29653544 22296 22294
29653545 22297 22294
29653546 22298 22299
29653547 22299 22300
29653548 22301 6717
29653549 22295 7148
29653550 22297 7042
29653551 22298 22297
29653552 22296 22298
29653553 22300 19472
29653554 19102 22302
29653555 22304 6721
29653556 19092 5697
29653557 22311 22314
29653558 22308 22309
29653559 22310 22306
29653560 22306 22015
29653561 22310 22309
29653562 22309 22308
29653563 22308 22312
29653564 22307 19089
29653565 22312 22315
29653566 22313 22312
29653567 22314 22313
29653568 22311 19169
29653569 22316 5659
29653570 19128 22318
29653571 22318 22326
29653572 22320 22321
29653573 22320 22322
29653574 22323 22320
29653575 22322 22324
29653576 22325 22322
29653577 22319 22321
29653578 22321 22324
29653579 22324 19128
29653580 22323 15441
29653581 22325 19127
29653582 22326 22319
29653583 22327 22328
29653584 22329 22337
29653585 22329 18887
29653586 22332 22331
29653587 18890 22335
29653588 22334 22331
29653589 18890 22334
29653590 22337 22330
29653591 22337 22338
29653592 22338 22336
29653593 22336 4867
29653594 22328 22330
29653595 22330 22327
29653596 22327 4758
29653597 19223 19227
29653613 22352 22354
29653614 22354 22355
29653615 22354 22353
29653616 22355 6646
29653617 22355 6641
29653618 22353 6664
29653620 22358 22371
29653622 22360 18528
29653623 22364 6315
29653624 18531 22364
29653625 22357 22415
29653626 18536 22357
29653627 22367 22459
29653628 22371 22360
29653629 22371 18528
29653630 18619 6240
29653632 22376 22375
29653633 22378 22376
29653634 18603 22378
29653635 22377 18603
29653637 22377 22452
29653638 6173 6284
29653639 22381 6663
29653640 18620 22381
29653644 6911 18574
29653645 22389 22388
29653646 22388 22391
29653647 22389 22388
29653648 22390 6774
29653649 22391 6801
29653671 18568 5753
29653672 18532 22456
29653673 22413 18532
29653674 6412 22456
29653675 22417 22415
29653676 22412 22416
29653677 22416 6412
29653678 18519 22418
29653679 22421 22420
29653680 22420 18533
29653681 22421 6283
29653682 22417 18534
29653683 22415 6131
29653684 6324 22425
29653685 18651 6293
29653686 6293 6324
29653687 15520 6425
29653688 22431 22432
29653689 22433 22434
29653690 22434 19020
29653691 19018 6178
29653692 22437 6047
29653693 22437 19018
29653694 22441 19071
29653695 19070 22441
29653696 22441 6238
29653697 22442 19075
29653698 22444 6201
29653699 22444 22442
29653700 22443 22442
29653701 6186 5673
29653702 19067 6086
29653703 22447 22445
29653704 22446 19066
29653705 19042 6155
29653706 22450 6313
29653707 22452 18615
29653708 22452 22453
29653709 22453 22451
29653710 22453 6284
29653711 22451 6284
29653712 18535 6131
29653713 6131 22417
29653715 22370 6267
29653716 22457 22456
