NbNode NbEdge POD
532 686 76
17039
17040
17041
17042
17043
17044
17045
17046
17047
17048
17049
17050
17051
17052
17053
17054
17055
17056
17057
17058
17059
17060
17061
17062
17063
17065
17066
17067
17068
17069
17070
17071
17072
17073
17074
17075
17076
17077
17078
17079
17080
17105
17106
17107
17109
17180
17181
17182
17183
17184
17185
17186
17187
17188
17189
17198
17199
17200
17207
17208
17347
17350
17432
17433
17434
17435
17436
17437
17438
17441
17442
17450
17453
17454
17456
17467
2538 2042 2043
2577 2108 2082
2617 22470 2108
2640 2127 17044
2641 17044 2129
2644 2108 2132
2647 2132 2135
2659 2132 17106
2662 2127 2148
2683 22480 2132
2695 2129 17041
2746 2211 2127
2747 2135 2211
2763 17106 2164
2764 2228 17107
2843 17046 17105
2852 17107 17046
2870 17046 2308
2880 2148 17045
2881 2308 17045
2949 2360 17041
2950 2360 17045
3080 17107 17109
3098 17109 2470
3101 2308 2472
3284 2604 2472
3306 17042 17041
3330 2636 2360
3331 2636 2604
3333 17109 2638
3420 2702 17042
3468 2750 17048
3469 2750 2752
3493 2787 2788
3494 2788 2789
3499 2797 17184
3501 17182 2788
3523 2837 2838
3527 2845 2846
3529 17059 2850
3536 2638 2860
3539 2863 2702
3541 2636 2863
3558 2860 2907
3578 17043 2863
3593 17180 2860
3598 2907 22469
3605 17180 22469
3634 2942 2702
3664 2942 17043
3697 22469 2987
3700 17043 2991
3785 2752 2942
3803 17043 3068
3925 3068 17057
3926 2987 17057
3934 17043 3171
3983 3206 2752
3984 3206 3171
4004 17057 3222
4059 2991 3261
4074 3275 2750
4079 3279 17180
4096 17180 3294
4104 3261 3301
4144 3331 3275
4145 3331 3206
4155 3339 3294
4156 3279 3339
4161 3344 3171
4168 3349 3279
4169 3349 22489
4180 3357 17057
4219 3381 3357
4220 3381 3339
4258 3415 3222
4286 3437 3381
4318 3460 3437
4319 3460 3349
4323 3222 17056
4324 3465 3415
4333 3301 17056
4334 17056 3465
4337 3472 3344
4338 3261 3472
4356 3484 3331
4369 3484 3493
4380 3501 3357
4391 3509 3472
4393 3511 3484
4397 3509 3511
4398 3514 3437
4416 3524 3525
4434 17055 3472
4435 17055 17056
4462 3563 3501
4483 3581 3460
4484 3581 17186
4486 17056 3584
4487 3585 3511
4488 3585 3509
4500 3584 3594
4513 3604 3525
4525 3610 3611
4526 3610 3415
4535 17056 3619
4536 3611 3619
4537 3619 3620
4538 3594 3620
4541 3585 17050
4542 2787 3563
4546 17198 3524
4549 3604 3628
4551 17055 3630
4552 3584 3630
4553 3631 3581
4557 3581 3635
4559 17183 3514
4572 3647 3514
4593 3662 17183
4594 3662 3647
4598 3665 3662
4608 3635 3673
4609 3647 3673
4619 3680 17198
4667 2789 3665
4680 3673 2797
4681 3720 3631
4684 17050 3722
4714 3743 17182
4719 3722 3747
4746 3782 3680
4757 3790 3720
4758 3790 3791
4760 3793 3790
4761 2789 3794
4764 3791 3799
4766 17187 3790
4774 17181 3610
4775 17181 3743
4776 3809 3630
4801 3630 3828
4802 3628 3829
4810 3809 3585
4832 17199 3782
4833 3829 17199
4836 3619 3841
4856 17184 3855
4859 3782 3799
4871 3794 3866
4872 3866 3855
4885 3877 3793
4886 3855 17185
4887 17185 3877
4911 3866 3896
4914 3841 3899
4920 3899 3903
4921 3903 22482
4926 3828 3907
4927 3899 3907
4932 17200 17199
4933 2838 3809
4934 3799 17200
4953 3907 2838
4955 17200 3923
4969 17199 3929
4970 3929 3604
4971 3930 17181
4975 3903 3934
4977 3899 17058
4978 3934 17058
4983 3941 3930
4984 3896 3941
4995 3950 17058
5001 3953 3930
5002 3934 3953
5007 3956 17049
5008 3747 17049
5009 2837 3950
5015 3941 3963
5016 3953 3963
5032 17185 3978
5035 3963 3981
5040 3929 17207
5041 17188 17187
5044 3987 3941
5045 3988 3747
5054 3996 3934
5062 4002 17200
5063 3981 4003
5070 3978 4010
5098 2850 2837
5100 4010 4031
5124 17059 17058
5128 4003 2845
5129 3987 2845
5136 4031 4056
5141 4060 17047
5142 2850 4062
5148 4056 3987
5156 4062 4070
5157 4060 3956
5174 4083 4010
5175 17188 4083
5176 17060 3996
5177 2846 17060
5180 4056 4083
5193 4096 4060
5196 17049 4098
5203 2846 4103
5207 4107 4098
5224 17040 2043
5242 4137 4083
5243 4138 4002
5250 4143 17060
5254 4107 4146
5255 3988 4146
5256 4070 4146
5258 4148 17059
5263 4153 4137
5282 17047 17040
5308 4194 4195
5313 4204 17061
5317 4212 4213
5318 4214 4215
5319 16204 4214
5320 4217 4218
5335 4241 4212
5336 4241 4242
5339 4247 4248
5372 17434 4302
5376 4308 17073
5378 4312 4313
5379 4313 4314
5386 4320 4107
5390 4323 4143
5391 4103 4323
5396 4328 17188
5397 4328 4138
5398 4329 2850
5409 4339 4070
5415 4329 4339
5433 4359 4148
5434 17060 4359
5452 17059 4372
5475 4389 4153
5517 4421 4320
5533 4195 4359
5535 4430 4389
5566 4323 17062
5567 4453 4096
5568 4453 4098
5603 17200 4481
5607 4484 4195
5608 17062 4484
5612 4488 4481
5627 2043 4501
5645 4146 4516
5649 4478 4519
5650 4519 17207
5653 4520 4488
5654 4519 4520
5656 4522 4519
5659 4522 17347
5662 4484 4213
5664 16204 4328
5679 4481 16204
5683 4501 17039
5691 4544 4453
5694 4421 4547
5711 4215 4430
5725 4569 4522
5728 17062 4242
5732 4372 4572
5737 4577 4329
5740 4572 4577
5744 4577 4581
5752 4588 4589
5753 4581 4588
5771 4547 4217
5772 4597 4217
5773 4516 4597
5774 4217 4598
5776 4589 4597
5777 17061 4588
5782 4194 4572
5807 4213 4194
5822 4633 2042
5823 4633 4096
5843 4214 4649
5888 4681 4633
5895 17052 4544
5909 4242 17189
5910 4649 17189
5937 17052 4715
5939 17053 17052
5940 17053 4421
5945 4719 4569
5962 4248 17053
5985 4218 4247
5987 4719 4739
6044 4786 4204
6097 4569 17208
6104 4838 4598
6105 4786 4838
6107 17208 4840
6110 4842 17053
6175 17350 4837
6190 4907 4719
6191 4907 17350
6204 4916 4838
6218 4928 17208
6270 4963 4715
6271 4963 4842
6277 4840 4969
6278 4907 4969
6298 4979 4247
6311 17054 4979
6312 4990 17054
6339 17051 4963
6343 4916 4990
6368 5026 4916
6392 5042 4241
6454 5042 5092
6455 17189 5092
6459 5095 17051
6463 5092 5099
6466 17054 5102
6471 5105 4969
6473 5106 4928
6479 5110 4204
6483 5110 5026
6498 5123 5095
6512 5135 5110
6517 17070 5135
6527 5145 17070
6561 5169 5123
6562 5170 5042
6565 17051 5172
6566 5173 5042
6567 5173 5145
6577 5182 5095
6598 5198 5169
6620 5215 5106
6644 4907 5232
6645 5233 5105
6646 5234 5235
6651 5232 17450
6682 17450 5270
6683 5271 5270
6685 5271 5273
6691 5273 5278
6711 5293 5270
6726 5303 5233
6727 5303 5232
6728 5293 5304
6798 5232 5359
6807 5367 5303
6825 5102 17069
6826 17069 5135
6849 17051 5395
6850 5102 5395
6852 5397 5293
6866 5397 5408
6870 5412 5234
6912 5448 5198
6913 5449 5450
6914 5449 5215
6916 5452 5182
6917 5099 5453
6919 5455 5367
6937 5453 5470
6938 5470 5412
6946 5475 5173
6947 5475 5170
6948 5453 5475
6951 5450 4302
6952 5477 5198
6953 5477 5452
6963 17063 5172
6965 5487 5488
6966 5487 17069
6967 5489 17069
6971 17063 5477
6995 5395 17067
6996 5488 17067
7004 4314 5487
7007 17067 17068
7010 5475 4308
7013 17073 5475
7014 5453 17073
7029 5536 17073
7030 5470 22483
7031 22483 5537
7040 17434 5543
7041 5449 5543
7042 17436 5545
7043 5545 5367
7044 5546 17436
7054 17071 5489
7055 4308 17071
7071 5487 5570
7072 17071 5570
7080 17068 5576
7081 5576 4312
7083 4308 5578
7084 5578 5579
7085 5543 5546
7091 5585 5448
7093 5537 17434
7104 5408 5597
7135 17073 5618
7144 5579 5618
7153 5618 5631
7154 22483 5536
7155 5597 17453
7156 17453 5608
7167 5650 5651
7168 5651 5652
7178 5667 5668
7179 5668 17467
7196 5694 5695
7212 5720 5721
7215 5726 5727
7223 5741 5742
7224 5741 5743
7245 17067 5773
7265 5788 5789
7266 5790 5788
7308 5773 5820
7313 5820 5824
7322 5359 5652
7335 5545 5842
7366 5871 5790
7372 17063 5871
7373 5877 5820
7385 5824 5871
7390 5618 5888
7394 5871 17066
7399 5631 5897
7402 5897 5888
7429 17434 5918
7432 5920 5877
7441 5928 5408
7442 17453 5928
7445 5871 5920
7452 5936 17068
7475 17071 5954
7479 5956 17068
7490 5956 5954
7512 17432 5897
7527 5996 17453
7528 5996 5997
7530 5999 17432
7536 6005 5999
7537 17066 6006
7539 5842 5650
7540 5650 5652
7544 6010 17068
7556 6018 17436
7558 5956 6020
7561 17467 5996
7563 17467 6023
7569 6029 5585
7573 5954 6031
7580 6036 6029
7581 6006 6036
7584 6039 5888
7585 6039 6005
7593 6031 6044
7596 6020 6031
7634 5578 6075
7657 6075 6039
7661 17072 6075
7676 5928 6109
7703 17433 22484
7713 6134 5842
7714 6134 5650
7719 6138 17433
7728 6145 17072
7752 6161 6162
7758 6170 5936
7759 6145 6171
7779 6020 6188
7780 6044 6188
7798 5918 6200
7808 17074 6145
7819 5918 6162
7831 6162 6018
7856 5667 5651
7857 5667 6109
7878 17454 5667
7879 6249 6138
7899 6188 6264
7900 6171 6264
7912 6273 17467
7916 4715 4681
7924 6281 6273
7930 5695 6134
7931 5651 5695
7932 6285 6138
7933 6286 6281
7934 6286 6287
7935 6281 6288
7938 6036 6291
7939 6006 6291
7944 6295 6296
7946 6299 6286
7947 6297 6300
7949 6300 6299
7950 5668 6288
7952 17433 6302
7958 6291 6305
7964 6302 6285
7970 6249 6314
7978 6320 6170
7981 6323 6302
7984 6326 6170
7987 6329 17454
7989 6323 6200
7991 6305 6331
8000 6010 6339
8001 6320 15529
8002 6285 6341
8003 17074 6342
8011 6171 6342
8024 17435 6323
8034 6305 6365
8051 6365 6378
8056 6381 17435
8067 6387 6381
8068 6387 6161
8071 6342 6390
8075 6341 6394
8077 6329 6396
8079 6314 6390
8093 6390 17075
8107 6419 6299
8109 6421 6378
8118 6428 6421
8120 6341 17077
8125 17075 6433
8132 6433 17077
8133 6433 6440
8140 6447 6296
8141 6421 6447
8152 6394 6456
8158 6339 6460
8159 6460 6440
8171 6456 6470
8172 6470 17435
8175 6473 6419
8181 6440 6479
8185 6482 17454
8186 6288 6482
8191 6486 6387
8192 6487 6331
8193 5727 6470
8198 6490 6487
8199 6491 6486
8200 6491 6018
8206 6496 6490
8211 6460 5720
8212 6499 6428
8213 6496 6499
8233 6514 6473
8242 6522 6523
8245 6526 6527
8249 6532 6533
8250 6532 6526
8261 6548 5726
8262 6549 6533
8266 6554 5720
8283 6381 6569
8300 6582 5694
8301 6582 6396
8314 6591 6486
8316 15529 6487
8324 17456 6482
8325 17456 6514
8337 6604 17456
8338 6605 6604
8345 6447 6610
8346 6499 6610
8362 6582 6620
8371 6543 17456
8372 6569 6628
8373 6479 6629
8381 6633 6634
8387 6527 6491
8388 6527 6620
8389 6610 17065
8390 6634 17065
8391 6533 6620
8392 6523 6633
8394 6638 6639
8401 17065 6638
8402 6629 6642
8403 17077 15526
8406 6643 6549
8407 6543 6643
8413 6642 17076
8418 17076 6554
8432 6661 6643
8479 6694 6522
8491 6569 6704
8499 17442 6532
8500 17442 6661
8517 6723 6527
8533 17076 6735
8562 6756 6704
8570 6760 17442
8571 6761 6694
8572 6762 6526
8573 6762 17442
8581 17437 6628
8585 6735 6773
8594 17437 6781
8597 6548 6784
8605 6781 6784
8608 6792 6762
8613 6756 17437
8631 6809 6761
8632 6773 6809
8641 6784 6817
8650 5742 6723
8651 5742 6792
8658 5742 17441
8664 17441 6756
8671 6817 6839
8684 17078 6809
8685 6735 17078
8686 6839 17078
8710 5743 6792
8786 6921 17078
8791 6925 6839
8795 6929 5741
8823 6951 17438
8880 6921 6994
8886 6999 6951
8887 6929 6999
8898 6925 7006
8899 17438 7006
8907 17079 6994
8908 17079 6921
9021 7100 7101
9022 6994 7100
9023 7102 17079
9121 7102 7170
9188 7100 7217
9200 7217 7227
9202 7217 17080
9240 7256 17080
19698 22470 17106
19851 5726 15525
19852 15526 15527
19853 6456 15527
20532 16201 4649
20533 16201 16203
20534 16204 16203
20535 16205 16201
20536 16206 16207
20537 16206 16208
20538 16208 17434
20539 16210 16211
20541 16214 16215
20542 16216 16217
20543 16217 16214
20545 16205 16219
20548 16208 16210
20549 16222 16208
20550 16222 16210
20552 4501 16217
20553 16226 16216
20555 16203 16205
20556 16203 16228
29647608 15529 5721
29653729 22480 2164
29653730 2164 17107
29653731 17105 22480
29653732 22482 3610
29653733 22483 17073
29653734 5536 5631
29653735 22484 5999
29653736 15526 15525
29653737 15525 6642
