NbNode NbEdge POD
1339 1697 140
17439
17440
17444
17445
17447
17537
17538
17539
17540
17541
17542
17547
17548
17549
17550
17577
17578
17579
17580
17594
17595
17596
17597
17598
17599
17600
17601
17602
17603
17604
17605
17606
17607
17608
17609
17610
17611
17612
17613
17614
17615
17616
17617
17618
17619
17620
17621
17622
17623
17624
17625
17626
17627
17628
17629
17630
17631
17632
17633
17634
17635
17636
17637
17638
17639
17640
17641
17642
17643
17644
17645
17646
17647
17648
17649
17650
17651
17652
17653
17654
17655
17656
17657
17658
17659
17660
17661
17662
17663
17664
17665
17666
17667
17668
17669
17670
17671
17672
17673
17674
17675
17676
17677
17678
17679
17680
17681
17682
17683
17684
17685
17687
17688
17689
17690
17691
17694
17696
17700
17725
17726
17727
17728
17729
17730
17731
17732
17733
17734
17735
17736
17737
17738
17739
17740
17741
17742
17743
17744
17745
2292 1827 1828
9097 7071 7153
9119 7168 7071
9165 7200 7168
9166 7200 17444
9218 7240 7153
9219 7240 7200
9251 7265 7266
9269 7279 7265
9283 7293 7279
9294 7300 7299
9299 7299 7293
9312 7264 7316
9315 7316 7300
9344 7339 7240
9349 7339 17445
9362 7354 7355
9393 17445 7379
9394 7379 7380
9408 7390 7391
9412 7398 7399
9419 17629 7410
9420 7411 7412
9422 7415 7416
9423 7417 7418
9424 7418 7415
9425 7419 17677
9436 7438 17630
9444 7452 7453
9448 7460 7461
9453 7470 7461
9455 7473 7470
9461 7483 7484
9464 17696 7479
9465 7489 7490
9466 7491 7483
9467 7453 7492
9468 7493 7494
9469 7495 7496
9470 7497 7498
9471 7497 7499
9474 7503 7504
9475 7505 7506
9476 7507 7505
9477 7508 7509
9479 7512 7513
9482 7517 7518
9485 7522 7518
9490 7530 7531
9496 7316 17439
9514 7379 7548
9518 17439 7551
9530 17439 7560
9533 7562 7551
9539 7299 7566
9540 7566 7551
9542 7380 7560
9543 7568 7324
9552 7577 7548
9554 7293 7398
9555 7566 7398
9556 7379 7579
9557 7579 7577
9558 17439 7580
9574 7593 7562
9581 7580 7598
9585 7601 7593
9586 7598 7601
9598 7608 7568
9601 7608 7398
9605 7598 7611
9608 7614 7568
9625 7611 7630
9647 7579 17440
9652 7593 7648
9655 7630 7649
9656 17440 7650
9661 7650 7390
9669 7553 7659
9670 7659 7614
9688 7649 7672
9689 7548 7673
9703 7673 17447
9710 7672 7391
9713 7566 7687
9715 7648 7687
9728 17447 7697
9732 7391 7700
9742 7709 7708
9747 7708 7712
9758 7712 17683
9771 7399 7728
9772 7687 7728
9786 7390 7740
9795 7747 7687
9798 7355 7749
9800 7751 7659
9808 7700 7756
9809 7740 7756
9837 7650 7775
9839 7672 7776
9848 7756 7783
9849 7784 7608
9861 7601 7793
9862 7776 7793
9863 7775 7794
9865 7796 7797
9873 7728 7803
9874 7747 7803
9876 7805 7784
9881 7747 7808
9882 7809 17447
9885 7811 7776
9889 7794 7783
9896 7794 7818
9900 7822 7823
9902 17683 7825
9904 7808 17676
9905 7793 17676
9906 7728 7828
9912 7828 7805
9916 7825 7822
9921 7838 7809
9922 7839 7838
9924 7840 7793
9925 7840 7841
9926 17676 7840
9930 7844 7811
9931 7823 7839
9936 7841 7848
9938 7840 7850
9942 7853 7751
9953 7796 7858
9956 7861 7825
9965 7818 7866
9968 7419 7844
9970 7848 7419
9971 7838 7866
9978 7872 7866
9983 7876 7853
9986 7858 7878
9993 7884 7872
9994 7885 7803
9995 17676 7885
9996 7850 7416
9999 17684 7888
10002 7891 7872
10004 7411 7861
10005 7411 17684
10008 7885 7894
10011 7410 7417
10013 17629 7894
10019 7411 7899
10020 7888 7899
10021 7416 7900
10022 7900 7901
10023 17677 7901
10024 7878 7902
10025 17677 7903
10026 7894 7904
10027 7904 17629
10028 7412 7905
10034 7904 7909
10043 7909 7917
10047 7410 7919
10048 7417 7919
10049 7905 7920
10052 7797 7923
10053 7923 7784
10055 7925 7884
10056 7925 7920
10057 17677 7926
10062 7901 7926
10064 7930 7891
10065 7917 7919
10069 7934 7923
10074 7938 7853
10079 7903 7941
10080 7941 7942
10082 7944 7941
10085 7944 7926
10091 7949 7917
10097 7783 7957
10098 7957 7930
10099 7934 7958
10113 7969 7941
10118 7974 7942
10120 7976 7876
10121 7976 7977
10124 7980 7415
10125 7980 7969
10128 7942 17679
10132 7902 7986
10139 17679 7991
10140 7957 7991
10144 7899 7993
10145 7980 7994
10146 7995 7986
10148 7997 7919
10150 7941 7999
10151 8000 7905
10152 7993 8000
10153 8001 7934
10156 7949 8004
10158 8006 7958
10159 8004 8006
10160 8007 7938
10173 7930 8015
10174 8015 7925
10175 8016 8017
10177 7418 8019
10178 8019 7980
10180 7853 8021
10185 8021 8026
10187 8019 8027
10188 8028 7749
10190 8030 8021
10191 7986 8030
10192 7977 8031
10193 8006 8032
10195 8034 7974
10201 7999 8034
10203 17606 8041
10204 8041 8028
10205 7977 8041
10206 8007 8042
10211 8042 8047
10214 8049 7995
10215 8049 8001
10219 8052 7997
10220 8027 8052
10225 8047 8056
10226 8034 8057
10230 8031 8056
10236 8032 8064
10239 8049 8066
10244 8070 8027
10245 7994 8070
10246 8056 8071
10247 8071 8041
10248 8072 8000
10251 17685 8076
10255 7949 8079
10261 8084 17685
10263 8026 8085
10264 8026 17620
10265 17620 8087
10267 8089 7991
10268 8076 8072
10269 8090 8007
10277 8096 8084
10280 8098 8090
10284 8100 8101
10287 8056 8104
10293 8079 8109
10294 8064 8109
10297 8100 8111
10298 8015 8112
10300 8087 8098
10301 8101 7489
10304 17620 8114
10305 8114 8115
10306 8109 7438
10308 8116 7997
10310 8117 8118
10311 8119 8117
10312 8116 8079
10314 8121 8049
10318 8017 8124
10320 8125 8017
10325 8121 7460
10326 8129 8124
10327 8115 8130
10333 7920 8134
10336 8137 8096
10349 8057 8143
10352 8145 8052
10353 8146 8041
10359 8100 8151
10360 8085 8152
10361 8130 8152
10362 8072 8153
10369 8157 8146
10370 8104 8157
10373 17680 8089
10374 8117 8160
10375 17596 8160
10377 8163 8164
10378 8160 8163
10382 8070 8167
10383 8143 8167
10388 8143 17680
10389 8171 8146
10390 8129 8172
10403 8134 8182
10404 8153 8182
10405 7438 7452
10410 7484 8090
10412 8066 8186
10413 17630 8186
10415 7452 8186
10433 8186 8202
10438 8172 8205
10439 8163 8205
10460 17631 8202
10465 8112 8221
10466 8222 8157
10474 8221 8182
10476 17606 8228
10477 8228 8171
10478 8229 7452
10479 17680 8221
10490 7473 17631
10496 8238 8229
10497 7473 8239
10501 8238 8202
10504 7470 17632
10513 8251 8125
10516 8254 8145
10517 8070 8254
10534 8267 8228
10538 8271 8119
10545 8271 8267
10555 8282 17694
10556 8137 8282
10559 8182 8285
10566 8238 8289
10575 8151 7503
10583 7490 8251
10593 8282 8307
10600 8307 7479
10612 7496 8167
10614 7490 8324
10615 8152 8325
10616 8326 8325
10624 8331 8129
10629 8334 8335
10630 8335 7479
10644 8271 8344
10645 8345 8121
10646 8056 8346
10647 8346 7483
10662 8152 17621
10665 17621 7491
10667 8358 8167
10672 7479 8362
10676 17632 8364
10682 17594 8324
10686 7483 8371
10689 8205 8374
10709 7492 17678
10710 17678 8254
10711 7496 17678
10714 8391 8326
10717 8392 17680
10718 8393 8331
10719 8362 8394
10720 8395 8364
10721 8396 8391
10725 8391 8399
10727 8401 17594
10728 8221 8402
10729 8393 8403
10732 8404 17632
10736 8399 8407
10737 8403 8408
10739 8409 8345
10740 8374 8393
10743 8409 8396
10744 8239 17633
10750 8344 8417
10751 8407 8418
10755 8404 17633
10757 8408 8401
10758 8395 8409
10769 8402 8429
10770 22464 8325
10773 8418 8430
10779 8418 22464
10781 8364 8404
10782 8399 8407
10783 8289 8440
10790 17633 8440
10793 8446 17678
10814 17619 8222
10815 17619 8346
10817 8346 8462
10824 8468 8358
10825 17595 8408
10827 8371 8471
10831 8403 8475
10833 8374 17597
10837 8481 8446
10841 8440 8481
10851 8489 17621
10852 8490 8468
10856 8160 8494
10863 8500 17678
10865 8502 8392
10877 8285 8511
10878 8394 17700
10883 17595 8515
10884 8515 8516
10885 8171 8517
10886 8518 8392
10887 8517 8267
10892 8522 8334
10893 8429 8523
10899 8516 8526
10900 8395 8527
10913 8490 8518
10920 8511 17688
10921 8471 7499
10924 8523 8543
10925 8543 17688
10928 8526 8545
10929 8475 8545
10930 8515 7508
10932 17688 8547
10935 8462 7498
10936 7499 7498
10939 7494 8489
10940 7499 8550
10941 8551 17619
10945 8401 7507
10946 8551 8517
10948 8550 7494
10950 8547 8334
10951 8545 17602
10959 8324 8562
10969 8568 17619
10971 8430 8570
10973 7498 8572
10976 8396 7512
10979 8568 8551
10982 17602 8579
10990 8570 22468
10997 8588 8490
10999 8590 7509
11002 7495 8500
11004 8594 8568
11005 8572 8594
11006 22467 7494
11007 22468 22467
11010 17623 7497
11017 8602 17633
11019 7506 8604
11020 8562 8604
11021 8481 8605
11023 8607 17623
11024 7505 8590
11026 8594 8607
11028 8579 8610
11030 22467 8612
11031 17623 8613
11032 8613 21893
11035 8616 7493
11036 8612 8616
11041 8620 8588
11042 7509 8621
11048 8613 8623
11050 17601 8621
11052 8623 8627
11053 7495 8628
11054 8628 8620
11065 17602 8635
11067 8635 17601
11070 8594 8638
11071 8527 7522
11072 8602 7522
11075 8610 8641
11076 17597 8641
11080 8638 8644
11081 8616 8645
11082 8644 8646
11083 8627 8646
11090 17627 8645
11096 8594 8653
11097 8623 17627
11098 8654 8502
11101 8500 8657
11107 17627 8660
11108 8645 8660
11110 8646 7530
11116 7517 7513
11117 8660 7531
11119 8665 8654
11128 8657 8670
11134 8675 8665
11135 8676 7513
11136 8676 7517
11139 8605 8679
11140 8679 8670
11141 7531 8680
11142 8670 17681
11143 8654 8543
11145 8518 8683
11146 8684 8676
11148 8686 8522
11149 8683 8675
11154 8684 17634
11155 8686 8691
11156 8692 8653
11157 8691 17700
11163 8697 8692
11164 22467 8698
11165 8547 8699
11166 8699 8522
11171 8698 8703
11173 8494 8705
11174 7518 8706
11177 17681 8628
11181 8711 8697
11182 8680 8711
11185 8714 8590
11192 8718 8711
11193 8680 8718
11199 8722 8602
11201 8703 8718
11202 8621 8724
11203 7505 8725
11204 8722 8679
11205 8726 8725
11206 8727 17681
11208 8711 8728
11210 8730 8722
11213 8733 7512
11224 8698 8741
11225 8725 17598
11226 8743 8684
11228 8745 8724
11230 17598 8747
11232 8749 8733
11233 8417 8750
11234 8751 8743
11235 8752 8641
11240 8733 8751
11243 8752 8757
11244 17599 8714
11245 17599 8745
11246 8759 17628
11247 8741 8761
11248 8761 17628
11249 17634 8730
11251 8749 17628
11255 7504 8766
11261 8771 8665
11266 8774 8726
11268 8776 8727
11270 8727 8778
11271 17599 8774
11274 8747 17540
11278 8784 8604
11280 8784 17540
11282 8786 17601
11283 8718 8787
11288 8791 8752
11291 8794 8786
11292 8794 8791
11295 8562 8797
11296 8798 8776
11298 8745 8799
11299 8799 8786
11300 8794 8800
11301 8728 8801
11302 8802 8797
11303 8803 8759
11304 8804 8766
11306 8806 8743
11310 8809 8686
11311 8730 8810
11313 8812 8798
11314 8813 8801
11316 8815 8683
11317 8800 8816
11318 8817 8810
11319 8817 8812
11320 8111 8818
11323 8821 8751
11324 8749 8821
11326 8823 8813
11329 8825 8797
11330 8826 8827
11332 8806 8829
11334 8818 8826
11335 8831 8823
11336 8784 17539
11337 8778 8833
11340 8836 8825
11341 17539 8836
11342 8837 8817
11344 8787 8803
11348 8653 8840
11349 8829 8821
11350 8757 17604
11352 8705 17607
11359 8849 17628
11367 8854 8836
11374 8859 8778
11377 8861 8837
11378 8833 8861
11381 8863 17598
11382 8774 8863
11383 8864 8802
11384 8865 8816
11385 17604 8865
11389 8859 8861
11394 8871 8863
11395 8872 17599
11396 8813 8873
11397 8873 8728
11398 8874 8864
11399 8864 8854
11400 8875 8806
11401 8876 8804
11402 8872 8863
11404 8865 8878
11405 8803 8879
11408 8827 8876
11409 8849 8882
11410 8882 8821
11413 17700 8885
11415 8886 8887
11419 8872 8886
11421 8891 8840
11422 8892 8771
11423 8892 8699
11429 8892 8896
11430 17607 8897
11432 17603 8887
11433 8816 17603
11438 8891 17622
11439 8903 8871
11440 8878 17603
11442 8905 8906
11444 8908 8906
11445 8802 8908
11446 8818 17538
11447 8906 17538
11448 8908 8874
11450 8910 8878
11452 17604 8912
11458 8864 8917
11459 8917 17539
11460 8891 8918
11462 8912 8920
11465 8922 8831
11468 8918 17624
11470 17603 8926
11473 8929 8879
11475 17624 22463
11476 22462 8922
11477 8933 8837
11478 8873 8934
11479 8787 8934
11482 8903 8936
11485 17622 8938
11492 8859 8943
11497 8946 8917
11500 8917 8936
11502 8949 8938
11507 8908 8953
11516 8887 8959
11519 8961 8962
11520 8963 8910
11521 8934 8964
11522 8964 8929
11524 17605 8926
11525 8967 8872
11526 8968 8946
11527 17605 8963
11528 8750 8969
11529 8969 8949
11532 8972 8967
11533 8973 8974
11534 8974 8975
11535 8975 8815
11536 8976 8975
11537 8976 8896
11538 8962 8969
11539 8977 8961
11540 8879 8978
11541 8979 8972
11543 8897 8981
11544 8982 8973
11545 8983 8946
11547 8972 8959
11548 8875 8985
11549 8979 17600
11550 8981 8977
11551 22462 8987
11553 8989 8873
11554 8987 8989
11555 8990 8903
11556 17600 8990
11557 8934 8991
11559 17541 8968
11560 8985 8994
11563 8997 8982
11564 8943 8997
11565 8861 8998
11566 8989 8991
11569 8875 9001
11571 8981 17608
11574 9005 22463
11575 9006 8991
11576 8920 17608
11578 8953 17541
11579 9007 8983
11583 9010 17605
11585 9012 9006
11586 17608 9013
11587 8885 9014
11588 8994 9015
11590 8699 9017
11592 9019 9013
11593 9020 9010
11595 8978 9022
11600 9026 9020
11601 9027 9005
11602 9028 8809
11603 9029 8876
11608 9032 8976
11609 8896 9032
11610 8979 9033
11611 9033 9026
11612 9034 8977
11613 17537 17538
11616 9015 9037
11617 9037 9038
11618 9033 9007
11623 9043 8963
11627 9046 9012
11633 9001 9052
11640 9050 9057
11647 9015 9062
11650 9064 9043
11651 9064 9065
11652 9014 9050
11653 9019 9066
11658 9070 9019
11660 9038 17635
11663 9001 17635
11664 8975 9074
11668 9077 9070
11669 9065 9070
11673 9081 9064
11674 17687 9032
11675 9074 9083
11677 9085 17687
11679 9087 8882
11681 9022 9087
11685 9062 9087
11688 9020 9092
11689 9066 9093
11693 9096 9057
11698 9101 17635
11703 8943 9104
11704 9013 9105
11706 9062 9106
11707 9107 9077
11708 9052 9108
11709 9108 8998
11710 9101 9106
11716 9046 9114
11720 9087 9118
11725 9121 9081
11728 9108 9122
11735 9104 9127
11736 9127 9128
11738 9130 9057
11739 9093 9131
11740 9105 9131
11742 9133 9034
11743 9134 9130
11744 9134 9096
11748 9106 9137
11752 9127 9139
11756 8938 9141
11757 17625 9141
11758 9141 9005
11761 8962 9141
11762 9128 17682
11763 9131 9145
11765 9147 9133
11768 9083 9149
11769 9133 9150
11771 17682 9152
11772 9149 9152
11776 9105 9155
11783 9139 9161
11785 9122 9163
11786 9155 9164
11787 9165 9027
11788 9166 9114
11789 17609 9107
11790 17609 9145
11791 9168 9108
11792 17609 9169
11799 9163 9161
11811 9185 17635
11812 9145 9164
11813 9147 9186
11814 9187 9186
11819 9092 9190
11820 9161 9191
11821 17687 9192
11826 17548 8953
11827 9166 9165
11828 9197 9134
11830 17610 9155
11831 9186 17610
11832 9029 9200
11835 9204 9205
11836 9206 9205
11840 9205 9213
11841 9214 9213
11849 9225 9226
11853 9232 9233
11857 9226 17741
11858 9241 17741
11861 9245 9246
11863 9249 9246
11867 17659 9245
11868 9255 9256
11871 9261 9262
11879 9275 17648
11880 17648 9277
11889 9290 9291
11919 9334 9033
11922 9141 17626
11924 17626 9338
11925 9339 17610
11926 9340 9121
11927 9341 17609
11928 9150 9342
11934 9341 9339
11938 9342 9187
11940 9338 9342
11941 9190 9350
11942 9340 9350
11947 17626 9354
11948 9017 17725
11949 17725 9028
11950 17725 9134
11951 9356 9137
11952 9357 9341
11953 9185 9356
11959 9118 9362
11960 9363 17541
11961 9362 9356
11963 9365 17642
11965 9368 9363
11966 9357 9369
11967 9185 9365
11968 9370 17725
11974 9374 9354
11979 17642 9377
11980 9377 9168
11981 9378 9369
11983 9380 9166
11987 9383 9380
11989 9385 9362
11990 17612 9378
11991 9191 9386
11992 9192 9386
11993 9186 9387
11994 9161 9388
11998 9392 9370
12000 9393 9340
12001 9393 17612
12005 9350 9395
12006 9396 9383
12011 9354 9396
12012 9386 9399
12013 9363 9400
12016 9380 9385
12017 9399 9392
12018 9395 9402
12020 17610 9404
12022 9406 9374
12029 17626 9410
12031 9409 9096
12038 9416 17548
12039 17690 9386
12040 9418 9416
12042 9420 9418
12043 9421 9392
12045 9410 9423
12046 9402 9424
12047 9393 9424
12048 9357 9425
12058 9342 17636
12059 9433 9368
12062 9416 9435
12063 9404 9436
12064 9387 9436
12067 9439 9406
12068 9396 9439
12069 9425 17613
12071 9369 9442
12072 9377 9443
12076 17547 9418
12079 9448 9449
12080 17636 9449
12082 17547 9451
12083 9435 9452
12084 9452 9433
12085 9489 9453
12086 9454 17690
12095 17616 9448
12099 17615 9436
12100 9400 9464
12101 9464 9334
12102 9465 9466
12103 9449 9467
12104 17615 9465
12106 9468 9469
12108 9442 9470
12117 9443 17689
12118 9388 17689
12126 9467 9482
12127 17637 9482
12128 9484 9453
12129 9469 9485
12130 9485 17615
12133 9488 9484
12134 9439 9488
12136 9423 9489
12138 9482 9491
12139 9492 9409
12141 9485 9494
12143 17612 9496
12144 9492 17731
12145 9498 9197
12146 9470 9204
12147 9491 9499
12148 9499 9423
12156 9494 17614
12157 9507 9451
12158 9507 9452
12160 9509 9454
12169 9514 9507
12171 9496 9515
12177 9520 9377
12178 9521 9464
12179 9521 9424
12180 17616 9522
12181 17614 9523
12183 9525 9421
12187 9451 9527
12188 9527 9514
12190 9365 9529
12195 9533 9521
12196 9522 9534
12197 9534 9499
12212 9499 9546
12213 9489 9546
12215 9548 9488
12225 9529 9555
12230 9521 9559
12231 9515 9560
12237 9555 9565
12240 9567 9509
12241 9567 9568
12244 9571 9520
12246 9548 9555
12252 9206 9533
12253 9560 9206
12258 9523 9214
12259 9565 9571
12267 9579 9498
12269 9492 9579
12273 9583 17689
12277 17689 9586
12278 9534 9213
12279 9587 9527
12280 17547 9588
12304 9206 9605
12307 9571 9583
12308 9607 9579
12309 9555 9608
12322 17726 9421
12323 9567 9618
12324 9618 9525
12327 9583 9619
12328 9619 9586
12329 9618 9620
12331 9622 9587
12335 9627 17664
12336 9629 17733
12337 9521 9631
12338 9632 17726
12341 9586 9635
12342 9534 9636
12344 9620 9632
12349 17727 9632
12351 9559 9641
12354 9200 9643
12355 9644 9507
12356 9605 9645
12357 9646 9607
12361 9631 9649
12362 9568 9650
12373 9659 9646
12378 9659 17727
12379 9635 9663
12383 9213 9666
12384 17731 9667
12389 9636 9669
12391 9666 9671
12393 9671 9673
12395 9663 9674
12396 9650 9674
12400 9669 9678
12406 9683 9684
12407 9683 9685
12409 9571 9687
12410 9688 9689
12414 9641 9692
12415 9692 9649
12419 9685 17641
12423 9608 9697
12424 9698 9622
12425 9546 22473
12427 17638 9701
12428 9701 9683
12429 9671 9702
12431 17641 9704
12432 9704 9548
12433 9673 9678
12434 9697 9704
12437 9678 17638
12440 9708 9709
12441 9709 9671
12442 9710 9674
12444 9645 9712
12445 9708 9712
12451 9718 9632
12452 9718 9659
12457 9722 9644
12458 9722 9689
12459 9723 9698
12460 9644 9723
12461 9712 9724
12466 17638 22474
12473 9709 9734
12474 9702 9734
12480 9739 9723
12481 9722 9739
12483 17549 9739
12484 9643 9741
12485 9583 9742
12486 9635 9743
12487 17549 9698
12488 9718 9744
12495 9698 9749
12496 9750 9618
12497 17542 9588
12498 9631 9752
12499 9724 9752
12500 9753 9568
12501 17611 9752
12504 9756 9757
12505 17542 9756
12509 9757 9760
12510 9741 9757
12511 9749 9756
12515 9667 9763
12517 9744 9764
12518 9765 9752
12519 9701 9729
12520 9766 9710
12522 9768 17549
12523 9769 9770
12529 9777 9778
12532 9752 9781
12533 9782 9765
12534 9749 9783
12536 9783 9768
12541 9778 9782
12546 9781 9790
12547 9734 9791
12551 9777 9692
12554 9797 9704
12557 9800 9753
12558 9760 9801
12560 17728 9804
12561 9764 9805
12565 9808 9768
12566 9805 9804
12568 9810 17728
12569 9811 17728
12570 9812 9813
12571 9689 9814
12572 9814 9812
12573 9763 9815
12574 9678 9816
12577 9816 9818
12578 9687 9819
12579 9756 9820
12580 9820 9749
12582 9814 9808
12586 9824 9764
12590 9766 9828
12592 9819 9830
12593 9800 9831
12594 9831 9750
12596 17641 9833
12597 9804 9834
12600 9837 9838
12602 9816 9840
12605 9842 9743
12606 9828 9837
12607 9831 9811
12608 9838 9842
12611 9791 9844
12614 9828 9800
12617 9847 9797
12618 9847 9830
12619 9848 9811
12623 9791 9852
12624 9840 9852
12626 17617 9852
12635 9833 9847
12639 9818 9860
12640 9860 9861
12641 9729 9861
12643 9863 9833
12646 9844 9866
12648 9830 9868
12651 9870 9824
12653 9872 9769
12654 9742 9769
12655 9873 9872
12659 9878 9820
12660 9770 9879
12663 9870 9834
12671 9833 9886
12673 9888 9878
12674 9768 9888
12675 9770 9889
12681 9868 9873
12690 9900 9861
12719 9918 22479
12720 22479 9863
12722 9847 9920
12731 9929 9810
12732 9929 9834
12734 9931 9812
12735 9886 9932
12748 9852 9940
12749 9941 9942
12753 9920 9945
12754 9946 9947
12757 9949 9929
12758 9889 9950
12759 9873 9951
12762 17617 9953
12764 9815 9956
12765 17691 9842
12766 9932 9958
12767 9959 9888
12768 9956 9946
12769 9950 17691
12771 9961 9962
12782 9029 17537
12783 9813 9777
12784 9956 9972
12793 9980 9900
12794 9468 17613
12796 9466 17616
12799 9958 9981
12805 17550 9931
12806 9900 22477
12811 9992 9993
12812 9945 9994
12813 9994 9995
12814 9996 9992
12815 9996 17691
12825 10003 17643
12826 9995 10005
12829 10005 17643
12832 9940 10009
12835 9987 17640
12836 9932 10012
12837 9953 17618
12839 10016 9996
12844 9866 10020
12848 9972 10023
12858 10020 10029
12868 9962 10020
12875 9981 10040
12878 9959 10042
12887 10029 10048
12888 17618 10048
12893 10053 10003
12899 10057 9870
12902 10060 10016
12903 10060 9848
12904 10061 10060
12905 10062 10061
12906 9949 10062
12908 10040 10063
12909 17730 10062
12910 10057 17730
12915 10068 10005
12916 10023 17730
12919 9972 10070
12920 10063 10071
12921 10071 9994
12923 10073 10071
12924 10009 10074
12926 10068 10076
12927 10077 10073
12928 10076 10077
12949 10074 10095
12950 9980 10095
12954 17730 10098
12960 9987 10103
12961 10042 10104
12962 10103 10105
12973 10048 10114
12974 9942 10115
12977 10115 10118
12979 9769 10119
12980 9993 10119
12982 10121 17550
12985 10105 10124
12986 10119 10125
13003 10138 10068
13004 10114 10139
13006 10124 10140
13007 10141 10095
13008 10142 10053
13014 10098 10148
13015 10140 10141
13016 10149 10105
13021 10125 10154
13023 10154 10142
13024 10118 10121
13026 10139 17639
13027 10095 17639
13033 10070 10161
13034 10115 10162
13047 10170 10060
13051 9255 10170
13073 10187 10149
13076 10062 10190
13084 10196 10098
13086 10141 10197
13089 10199 10196
13092 10203 10187
13103 9255 17729
13104 10190 17729
13105 17729 10199
13109 10125 10214
13126 10012 10225
13127 10225 10071
13131 10225 17656
13138 10234 10203
13139 9233 17639
13161 10214 10244
13169 17656 10249
13170 10161 9225
13191 10197 10258
13192 10258 10234
13215 10258 10274
13232 10284 17729
13233 17662 10286
13234 10287 17662
13240 10291 9232
13246 9245 10138
13247 17656 9246
13251 10249 10297
13255 9256 10284
13258 10048 10303
13264 10244 10307
13265 10148 17736
13266 10297 10309
13272 10313 10287
13274 17646 10291
13275 17659 10316
13276 17657 10318
13277 10274 17657
13278 10309 17657
13279 10307 10313
13282 10316 10286
13289 10326 10297
13290 17736 10327
13299 9256 10336
13310 10345 9249
13316 10318 17646
13321 10350 10326
13322 10351 10350
13324 17659 10353
13325 10345 10351
13326 10327 10354
13339 10363 17550
13347 10354 10368
13349 17741 10370
13354 10303 10373
13357 10373 10376
13361 10162 17644
13362 10379 10303
13368 10385 10345
13371 17646 10379
13373 17736 10387
13375 17657 10389
13376 10390 10353
13377 10391 17644
13378 10392 10391
13379 10376 10392
13386 10396 10353
13390 10398 10390
13394 17742 10368
13395 10370 17742
13408 10373 10412
13410 9246 10415
13411 10415 10390
13415 10385 10419
13421 17741 10424
13426 10427 10396
13433 10432 10336
13438 10435 10398
13441 10437 17646
13445 10440 10427
13446 10440 10435
13465 10313 10452
13466 10427 10453
13472 10453 10458
13473 10389 10459
13479 17661 10440
13480 10465 10392
13481 10412 10465
13484 10419 10467
13485 10467 10468
13486 10469 10387
13487 10468 10470
13489 10415 22472
13490 10459 10472
13492 10471 17660
13493 10472 10475
13494 10475 10467
13495 10452 10476
13496 10470 17660
13504 10471 17661
13510 10485 17742
13514 10336 10488
13515 10489 10488
13521 10495 10432
13530 10488 10495
13542 17660 10507
13551 10515 10489
13552 10515 10469
13561 17644 10522
13563 10485 10524
13565 10526 10515
13571 10458 10532
13581 10539 10526
13582 10387 10539
13584 10541 10437
13586 10543 10507
13587 10404 10544
13597 10543 10553
13600 17737 10539
13601 10524 17737
13603 10507 10557
13608 10553 10561
13613 10561 10565
13617 10568 10522
13618 10569 17737
13619 10570 10569
13620 10571 10459
13625 10565 10575
13628 10532 10577
13631 10424 10580
13632 10571 10581
13635 10584 10541
13636 10580 17743
13639 10584 10587
13640 10571 10588
13647 10594 10575
13649 10561 10595
13650 10588 10594
13656 10581 10600
13657 10476 10601
13659 10603 17743
13663 10603 10606
13668 10544 10609
13669 10609 10363
13675 10606 10570
13689 10621 10568
13690 10622 10584
13691 10577 10601
13693 10624 10568
13694 10488 10625
13695 10625 10526
13696 10587 17647
13697 17732 10601
13699 10630 10622
13700 10631 10630
13701 10600 10631
13705 10465 10636
13707 10638 10636
13708 9262 10577
13710 17647 10638
13713 17666 9262
13718 10646 10522
13719 10646 10636
13720 10587 10647
13722 10557 10649
13726 10649 17666
13731 10609 10656
13732 10624 10656
13734 10631 10658
13735 10543 10659
13736 10659 10649
13738 10646 10621
13739 10656 10661
13750 10661 10671
13752 10595 10673
13758 10671 17578
13765 17649 17647
13766 10647 17649
13767 10646 9275
13768 10638 9275
13769 10673 10681
13794 10681 10700
13796 17732 10701
13801 10601 10704
13806 17650 10622
13809 10658 17650
13811 9277 17649
13812 10710 10568
13814 10569 10712
13818 10606 10716
13819 10717 17649
13829 17648 10721
13832 17578 10724
13838 10539 10729
13840 10712 10729
13842 10716 17744
13846 10734 9261
13848 10704 9629
13853 10741 17650
13854 10581 10741
13858 10744 10717
13862 10748 10744
13865 10721 10748
13871 10754 10744
13883 17650 10761
13886 10724 10762
13894 10767 10710
13897 10770 10761
13898 10771 10734
13901 10762 10773
13902 10773 10767
13906 10770 10754
13907 10773 17645
13908 17645 10767
13912 10700 10779
13913 10780 10741
13921 17733 10771
13922 10701 9629
13923 10773 10787
13924 10741 10788
13927 9291 10625
13962 10729 10815
13963 17738 10815
13967 17738 10820
13969 10659 17663
13989 10771 17667
13990 10837 10770
13992 10754 10838
13997 10840 17663
14017 10855 10840
14018 17667 10855
14023 10815 17739
14025 10820 10861
14027 10863 10780
14028 10779 10863
14032 10861 9290
14037 17663 10870
14040 10873 10830
14045 10855 10878
14051 10883 10870
14052 10884 10870
14053 10884 10878
14057 9290 17734
14063 10891 10721
14065 10893 9627
14066 10894 10837
14068 10896 10894
14069 17664 10883
14083 10908 10891
14085 10911 10873
14087 10878 10913
14090 17734 10915
14119 10787 10937
14135 10913 10855
14136 10788 10949
14138 17739 10951
14150 17734 10962
14152 10964 10937
14153 10787 10964
14154 10767 10964
14156 10951 10966
14162 17740 10951
14173 10977 10896
14174 10964 10978
14178 10884 10980
14182 17658 10863
14184 10962 10985
14185 10985 9290
14196 10980 17665
14199 10915 10997
14201 10999 17658
14212 10999 11008
14213 11008 10893
14224 11018 10851
14225 10985 11019
14226 17733 11020
14236 11028 11019
14239 10997 11030
14257 11041 17740
14259 11028 11041
14263 11047 10980
14270 11055 10908
14274 11020 11059
14283 11066 11103
14285 11030 11059
14289 10937 11066
14300 11059 11079
14303 10977 11081
14307 10949 11084
14308 17658 11084
14309 17651 11055
14313 11084 11088
14314 10966 11089
14315 10894 11090
14316 11088 11091
14317 11089 11092
14318 11092 11040
14319 11091 11081
14324 10978 11096
14326 11096 17651
14327 11096 11098
14328 11099 11008
14330 11101 11047
14333 11098 11103
14341 10985 11108
14342 11096 11109
14353 17671 11099
14354 17671 11101
14364 11092 11129
14367 17740 11132
14368 11132 11089
14373 11081 11136
14379 11136 11140
14381 11140 11142
14385 11145 11047
14386 11142 11146
14387 11084 11146
14391 11103 11149
14392 11146 11150
14397 17665 17673
14398 11066 11155
14399 11155 11149
14400 11156 11146
14403 11145 11158
14404 17658 11159
14405 11158 11160
14406 11160 17673
14407 11090 11161
14408 11162 11163
14409 17671 11145
14410 11164 11066
14413 11164 11155
14414 11079 11167
14415 11168 11159
14416 11169 17671
14417 11150 11168
14428 11136 11161
14435 17577 10911
14438 11163 17577
14445 17674 17673
14446 11167 17674
14451 11192 11018
14452 11192 17580
14453 17580 11164
14457 11149 11196
14458 11109 11196
14463 11108 17735
14473 11209 11156
14487 11109 11220
14488 11221 11169
14493 11041 11225
14498 11230 17735
14507 11136 11237
14509 11239 11168
14510 11239 11221
14511 11240 11225
14512 11241 11239
14524 11240 11230
14525 11240 11250
14526 11250 17745
14527 17745 11132
14535 17745 11257
14541 10911 11262
14542 11263 17745
14543 11129 11263
14547 11267 11168
14548 11267 11239
14550 11192 11269
14551 17672 11241
14552 11267 11271
14556 11275 17654
14557 17654 11277
14558 11278 11162
14563 11196 11282
14567 11277 11285
14569 11287 17672
14572 17675 11287
14573 17675 17674
14574 11271 17670
14579 11161 11292
14581 17652 11220
14582 11275 11295
14585 11298 11292
14586 11295 11298
14589 11269 11278
14592 11292 11302
14596 11308 11209
14597 17670 11308
14600 17652 11310
14601 11302 11311
14607 11237 17669
14608 17669 11308
14617 11324 11285
14619 11311 11326
14620 11326 17669
14621 17652 11324
14623 11285 17653
14648 11349 11267
14653 11282 11353
14662 11362 11295
14675 11310 11371
14678 11326 11373
14689 11362 11302
14690 11373 11362
14692 17653 11385
14703 11362 17668
14729 17669 11415
14779 11385 17655
14780 11275 17655
14781 17655 11455
14793 11465 17655
14811 11479 17668
14813 11481 11465
14817 11455 11479
14839 11353 11499
14845 11371 11503
14846 11362 11504
14852 11508 11481
14861 11499 11503
14872 11262 11521
14875 11524 11508
14895 11539 11499
14920 11503 11559
14927 11566 17579
14939 11566 11539
14972 11603 1827
14987 17579 11614
14999 11559 11624
15002 11624 11524
15112 17655 11707
15175 11614 1827
20527 16195 9961
20528 9791 16195
20647 11521 11603
20670 9790 9961
20671 9961 9941
20672 9781 9941
29653207 21893 17623
29653717 22463 22462
29653718 22464 8430
29653719 22472 10471
29653720 22473 17638
29653721 22474 9729
29653722 17640 10012
29653723 22478 9900
29653724 22478 22477
29653725 22477 9918
29653726 22479 22478
29653727 9918 9987
29653728 9453 9410
