NbNode NbEdge POD
461 542 122
17747
17748
17749
17750
17751
17758
17760
17761
17762
17763
17764
17765
17766
17767
17768
19953
17770
17771
17772
17773
17774
17775
17776
17777
17778
17779
17781
17782
17783
17784
17785
19705
19950
19951
19954
19955
19956
19957
19965
19971
19974
19975
19976
19977
19978
19979
19980
19981
19983
19984
19985
19986
19987
19989
20041
20046
20055
20056
20057
20058
20059
20060
20061
20064
20066
20067
20068
20069
20072
20073
20075
20076
20077
20081
20082
20083
20084
20085
20097
20087
20088
20089
20090
20091
20092
20093
20094
20095
20096
20098
20099
20100
20101
20102
20103
20104
20105
20106
20107
20108
20109
20110
20111
20112
20113
20114
20115
20116
20117
20118
20119
20121
20122
20124
20125
20126
20127
20128
21826
21829
21924
21925
10092 7950 7951
10093 7952 7953
10094 7954 7955
11881 19951 22001
11882 9280 19951
11901 9308 9309
12334 9625 9626
14792 11464 11350
14905 17747 11464
14936 11568 11574
14950 11585 17747
14961 11585 11594
14962 11594 11595
14963 11595 22008
14979 11574 11608
15034 11568 11651
15053 11608 11664
15101 11664 11698
15103 11698 11700
15118 11651 11712
15141 19705 11595
15169 11700 11753
15190 11771 11585
15221 11799 11712
15225 11753 11802
15226 11771 19705
15245 11802 11771
15259 19705 22006
15279 11842 11799
15301 11859 19705
15430 11949 11842
15460 19957 11961
15477 9309 11771
15484 11987 11859
15485 19957 11987
15492 11987 11994
15538 19957 12030
15555 12039 11949
15582 12050 9308
15583 11994 19950
15584 19950 12050
15813 12039 12237
15876 12030 9280
16190 12592 12050
16227 19950 19953
16243 12237 12631
16402 19953 19954
16403 19951 19954
16429 12631 17749
16576 19954 19956
16637 19954 17772
16675 12932 17771
16676 12932 12592
16678 17772 12932
16681 12937 12932
16682 17771 17770
16738 17770 12985
16811 19956 13039
16819 13039 13045
16940 13045 19965
16965 13145 17749
17005 19965 19971
17077 13226 13145
17146 13271 19971
17178 13045 19976
17195 19976 13303
17199 13303 19975
17215 19975 19974
17226 19974 19955
17242 19955 7953
17296 7953 12937
17324 13395 13226
17327 17748 13398
17477 13508 19984
17478 13510 19983
17479 19984 13510
17489 13518 13508
17494 13496 13518
17495 13522 13271
17496 13522 19983
17537 13398 13551
17615 19981 13522
17616 13510 19981
17622 19980 19981
17623 13619 19980
17657 13395 13642
17668 13650 13651
17669 19976 13652
17671 13650 19979
17672 13652 19979
17676 13551 13658
17681 13652 13661
17682 13661 13619
17684 13663 19979
17686 13661 13663
17692 13669 13661
17703 13669 13677
17704 13678 7952
17705 13651 13678
17735 19979 13701
17764 13677 13720
17777 13727 13642
17809 13701 13747
17829 13619 13762
17830 13720 13763
17831 13763 13762
17832 19978 13747
17885 13762 19987
17896 20046 13808
17906 17751 13822
17916 19977 13837
17923 17762 17773
17928 19977 13855
17930 13858 19977
17943 13879 13880
17945 13883 13879
17946 20060 13883
17967 17781 13915
17968 13915 13916
17969 13915 13917
17970 13883 13918
17974 13922 13727
17982 19987 13929
17990 13936 13747
17993 13929 19989
17998 13658 13944
18007 19985 13720
18059 19989 20041
18083 13922 17750
18104 13944 14021
18133 17750 14045
18147 14055 14045
18150 14057 13678
18165 19986 19985
18184 13837 13936
18207 14055 14093
18228 13822 14093
18229 20046 20041
18231 14021 14103
18232 14103 17751
18272 14093 14134
18307 14134 17762
18406 14217 13855
18407 14217 17785
18409 14220 13858
18414 20060 19986
18416 17785 14225
18429 17773 14234
18456 14253 14057
18469 20055 14220
18481 14103 21948
18482 20082 20046
18484 14234 17774
18505 20056 20055
18512 13880 20056
18559 17774 14314
18560 14315 14225
18561 14316 20041
18562 20082 14316
18575 14324 14316
18588 20060 14324
18598 14342 21924
18599 14342 17762
18616 14315 17784
18617 14314 17775
18656 17775 17776
18658 17776 14388
18665 14393 14394
18666 14394 14395
18667 14395 14253
18668 14396 14393
18669 14396 14393
18670 14397 14396
18671 14397 14396
18677 13916 14397
18678 13916 14397
18689 14388 17781
18690 17781 13916
18709 14421 17784
18713 14423 14424
18714 14424 14421
18719 13915 17782
18722 13917 14423
18727 14437 14342
18742 14314 14453
18743 14454 20060
18744 14455 20082
18745 20082 20084
18746 14455 20084
18747 14457 20055
18752 14462 14463
18756 14463 14455
18762 20084 14471
18769 14454 20061
18778 14455 20085
18779 20084 20085
18782 17783 17782
18787 14492 14103
18788 14493 14324
18789 14493 14462
18806 14453 14508
18810 20057 13918
18814 14517 14457
18816 14492 14519
18825 14526 14527
18826 14528 14529
18832 14437 17763
18833 14537 14528
18834 14537 14508
18837 17763 14540
18838 14540 14526
18841 14542 14492
18844 14540 14544
18845 14528 14544
18846 20058 20057
18849 17783 14421
18851 20058 14549
18855 20061 14553
18882 14579 14493
18887 14553 14582
18889 20083 14493
18890 17764 14586
18891 14544 17764
18892 17764 14537
18893 14549 14587
18898 17764 9625
18899 14591 14582
18900 14579 14592
18901 14593 14591
18902 14593 14579
18903 14592 20083
18905 14517 14595
18907 14587 14597
18908 14595 14598
18909 14599 14542
18910 14597 14600
18911 14599 14601
18912 20083 14602
18913 14600 14603
18915 14517 20059
18916 14597 14606
18918 14601 17768
18919 14606 14609
18924 17761 14599
18926 14609 14614
18927 14615 14471
18931 20087 14621
18934 14453 17778
18935 14625 14582
18938 20097 20085
18939 20097 20087
18942 14631 14632
18943 14633 20097
18944 14632 14633
18945 14598 20064
18946 14635 14631
18948 14602 20089
18949 20089 14635
18950 14638 20089
18951 14639 14606
18952 14582 14640
18953 14639 20067
18954 14638 20088
18956 14640 14625
18957 14644 17760
18958 9626 17768
18959 20088 14640
18960 14646 17777
18961 9626 14648
18962 14646 14649
18963 20115 20087
18965 14649 14648
18966 17758 14644
18968 20059 20066
18969 20068 14625
18970 14656 20068
18971 14657 20115
18972 14658 14633
18975 17768 14661
18979 14665 20097
18980 14658 14665
18981 20122 14667
18982 20067 14668
18983 14668 14656
18984 17766 14670
18985 14671 14668
18987 17777 14672
18988 14673 14671
18989 20116 14657
18990 14672 7955
18991 14675 14665
18992 14675 20099
18993 20099 20116
18994 20069 14671
18995 14672 14678
18996 14638 14679
18997 14670 14680
18998 14681 14661
18999 20122 14682
19000 14682 14683
19001 14675 14684
19002 14685 14684
19003 14661 14686
19004 14684 14687
19005 20090 14658
19006 14689 14673
19007 14689 20075
19008 14691 20090
19011 14684 14694
19012 14683 14695
19013 14696 14681
19014 14696 14686
19016 14697 14689
19017 14698 14673
19018 14698 20069
19019 14699 14695
19020 14699 14682
19021 14687 20098
19022 14678 14701
19023 14701 14702
19025 14704 14697
19026 17765 14706
19027 14707 14696
19028 20098 14708
19029 20098 14709
19030 21812 14698
19031 14689 21812
19032 14706 14670
19033 14711 14707
19034 14706 14644
19036 14695 20119
19037 17767 14711
19038 7955 17778
19039 20117 14709
19040 20117 20116
19041 14702 7954
19045 14680 17767
19047 14704 20072
19048 20091 14720
19049 14679 20091
19052 14723 20072
19053 21812 14724
19054 14724 14723
19055 14725 20072
19056 14726 14720
19057 14726 14727
19060 7954 14730
19062 14726 14720
19063 14732 20122
19064 14733 14734
19065 14734 14691
19066 20094 14733
19067 14736 14732
19068 14737 20073
19070 14739 14740
19071 14741 14739
19072 14741 20094
19073 20117 14742
19074 20119 14742
19075 20075 14737
19076 20075 14640
19077 14744 20075
19078 20076 14744
19079 20102 20098
19080 20098 20100
19081 14748 14749
19082 14749 14706
19083 14750 14737
19084 14751 14744
19085 14752 14751
19086 20076 14752
19088 20100 14754
19089 14730 14755
19090 14754 14756
19091 14757 14752
19092 14757 20076
19093 14758 20119
19095 14760 14754
19096 14756 14761
19097 14762 20102
19098 14762 20117
19099 14744 14763
19100 14764 14734
19101 14761 14764
19102 14756 14765
19103 14766 20095
19104 20095 14741
19105 14768 20095
19106 14769 14768
19107 20092 14757
19108 14766 14771
19109 14772 20092
19110 14726 14772
19111 14752 14773
19112 14774 14760
19113 20102 14774
19114 14764 14769
19115 14775 14699
19116 14776 14758
19118 14771 14772
19119 14763 14779
19122 17779 14782
19123 14783 14774
19124 14762 14783
19126 7954 14782
19127 14785 14760
19128 14785 14774
19129 14773 14786
19130 14786 20077
19131 14788 20095
19133 20118 14783
19134 20118 14762
19135 20118 14742
19138 14732 20124
19139 20103 14794
19140 14794 14785
19141 14772 14795
19142 14796 20118
19143 20077 14797
19144 20104 14794
19145 14796 20104
19146 14799 14775
19147 14800 14801
19150 14795 14788
19151 20095 20096
19152 14805 20103
19153 14806 14805
19154 14795 20093
19155 20101 14761
19156 20101 14765
19158 14810 14806
19159 14811 20093
19160 20101 14810
19161 14786 14811
19162 20096 14812
19163 14813 14800
19164 14797 14813
19165 14812 20101
19166 14814 14815
19167 20128 14736
19169 20121 14776
19170 14819 14799
19171 20118 20121
19172 20121 14820
19173 14810 14821
19174 14819 20128
19175 14820 14819
19176 20101 14822
19177 14819 14814
19179 20107 14788
19180 14822 14825
19181 14826 14748
19182 14827 14794
19184 14829 20107
19185 14821 14830
19187 20093 14833
19188 14833 14829
19189 14834 14835
19190 14833 14835
19191 14836 14796
19193 20121 21883
19194 20121 14838
19195 14839 14827
19196 14840 20107
19197 14841 14825
19198 14841 14821
19199 14842 14825
19200 14843 14842
19201 14834 20081
19202 14839 20113
19203 20125 14836
19204 14840 14847
19205 14841 14848
19206 14848 20113
19207 14849 14842
19208 14850 14839
19209 14850 14836
19211 20126 20125
19212 14854 14843
19214 14833 14856
19215 14856 14847
19216 14856 20105
19218 14849 14859
19219 14848 14859
19220 14838 14860
19221 14861 14840
19222 14854 14861
19224 14847 20108
19226 14866 14849
19227 14867 14850
19228 20113 14868
19229 14868 14850
19231 14870 14866
19233 14872 20126
19237 14874 14861
19238 20110 14866
19239 20127 14868
19240 14877 20110
19241 20112 14859
19244 14881 14877
19245 20109 14874
19246 14883 14868
19247 14856 20106
19250 14887 14826
19252 14874 20111
19254 14891 14870
19255 14892 14883
19256 20114 14883
19257 14894 14891
19261 14898 20114
19263 14900 20114
19282 14917 14887
19327 14955 14956
19328 14956 14957
19340 14957 14967
19344 14967 14971
19345 14971 14917
19367 14971 14991
19379 14991 15003
19389 15003 15010
19396 15010 15015
19407 15015 15025
19431 15045 15010
19453 15063 15045
19591 7951 11608
19592 12050 21829
19593 12985 21826
19594 14393 7950
20155 14621 15886
20156 15886 14683
20169 14421 14517
20170 14582 14597
20495 21925 16164
20496 17783 16164
20497 16164 21947
20623 14701 14686
20677 14621 14616
20678 14616 14615
29653145 21814 21812
29653158 21826 7950
29653161 21829 7951
29653201 21883 14838
