NbNode NbEdge POD
431 527 213
21160
21162
21163
21164
21168
21170
21171
21172
21173
21174
21175
21177
21180
21181
21182
21184
21185
21186
21187
21188
21189
21190
21191
21192
21193
21194
21198
21199
21200
21201
21202
21203
21204
21205
21211
21212
21213
21214
21215
21216
21217
21218
21219
21220
21221
21222
21224
21226
21227
21228
21229
21230
21231
21403
21405
21411
21412
21413
21415
21416
21417
21418
21420
21421
21422
21423
21424
21425
21426
21427
21428
21429
21430
21431
21432
21433
21434
21435
21436
21437
21438
21439
21440
21441
21442
21444
21447
21448
21449
21450
21451
21452
21453
21454
21455
21456
21457
21516
21462
21466
21478
21479
21480
21481
21482
21483
21484
21485
21498
21499
21500
21501
21507
21508
21509
21510
21511
21512
21513
21514
21515
21517
21518
21519
21520
21521
21523
21526
21527
21528
21529
21530
21531
21534
21535
21551
21537
21538
21539
21540
21541
21542
21543
21544
21545
21546
21547
21548
21549
21550
21552
21553
21556
21557
21559
21564
21568
21651
21653
21656
21667
21683
21685
21686
21688
21689
21690
21691
21692
21693
21694
21695
21696
21699
21698
21700
21701
21702
21703
21704
21705
21706
21707
21708
21709
21710
21711
21712
21714
21715
21716
21717
21718
21719
21720
21721
21724
21723
21725
21728
21731
21732
21734
21740
21741
21742
21743
21744
21745
21746
21748
21749
21750
1911 21551 1544
2296 1835 21481
15501 21411 11965
15518 12014 9314
15565 21415 21411
15566 21415 12014
15568 21412 21411
15673 21413 21412
15680 21413 21416
15681 21416 21415
15762 21416 12198
15768 12198 21478
15769 21478 12109
15782 21413 12214
15802 21177 12221
15815 21480 21478
15816 21483 21480
15823 21170 21177
15834 21168 21170
15840 21418 12214
15842 21498 21483
15852 12214 21421
15853 21421 12198
15879 21479 21480
15881 12274 21498
15887 21177 21180
15889 21484 21480
15898 21417 21418
15899 21507 12303
15900 12303 21651
15929 21417 12331
15930 12332 21421
15933 12335 21168
15942 12341 21507
15943 21508 12341
15946 12345 21692
15953 21189 21184
15954 12358 12359
15955 21743 12358
15957 21746 21743
15958 12364 21189
15959 21742 21740
15960 12358 21742
15962 12369 21453
15963 12371 12372
15964 12373 12371
15965 12373 21189
15967 21426 21425
15969 12379 21702
15970 21453 21454
15973 21693 21690
15976 21192 12364
15977 12391 21708
15979 21426 12395
15981 12397 21451
15982 21518 21515
15983 21546 12402
15984 21544 12404
15987 12402 21544
15988 12395 12408
15989 21434 12408
15990 12410 12408
15991 12410 21451
15992 12408 21435
15996 12417 12418
15997 12419 21216
15998 12421 12395
15999 21435 12421
16011 21530 21531
16012 12441 21531
16019 12452 12453
16021 12456 12453
16022 12456 12457
16033 21420 12332
16036 21160 21162
16040 21164 12335
16046 12483 12341
16048 21171 12335
16050 12483 21511
16053 21182 21180
16061 12494 12274
16062 12495 12303
16068 12500 12501
16070 12503 21484
16071 12503 21483
16072 21182 21403
16076 21685 12501
16077 21511 12495
16080 21162 21163
16083 12512 21685
16095 21485 12503
16100 21163 12525
16101 12525 21164
16104 12501 12527
16105 12527 21688
16118 21902 21174
16126 12546 21902
16127 12546 21180
16128 21481 21421
16133 12548 21500
16134 12548 12483
16138 21685 21686
16139 12553 21171
16140 21499 21485
16141 21902 21175
16142 12553 21172
16143 21172 12525
16145 12553 21173
16146 21501 21499
16148 21482 1835
16149 21485 21482
16157 12567 21481
16160 12567 12570
16163 21423 12332
16164 21162 12573
16165 21423 12567
16166 12570 21482
16167 21403 21405
16170 21163 12577
16173 21181 12546
16180 21511 21653
16182 21422 21423
16188 21509 12548
16191 21509 21501
16195 21510 21509
16196 12495 21656
16199 12599 12512
16200 21686 12599
16202 12527 12601
16206 12604 21181
16207 12605 21482
16209 12599 12594
16210 12577 12607
16225 21656 21700
16226 21667 21700
16228 12570 21512
16229 12615 21188
16230 12573 21188
16232 12577 12573
16233 21700 21691
16236 12625 21510
16237 12607 12626
16239 21211 12626
16240 21173 21211
16241 21175 21211
16244 21700 12632
16245 12632 21667
16251 21691 12636
16252 21422 12637
16253 21689 21653
16254 12636 21689
16257 21448 12641
16258 21448 12637
16260 12626 12644
16262 12646 12625
16263 12647 12648
16264 12649 21509
16266 12651 12605
16267 21485 12651
16271 21405 21432
16272 12656 12657
16274 21703 12632
16275 21517 12651
16276 21741 12656
16277 12661 12599
16278 12661 21741
16279 21432 12662
16287 21703 21704
16288 12644 21191
16291 21701 12671
16292 21701 21700
16294 21514 12605
16295 12662 12673
16296 21448 12673
16297 21689 21541
16298 12646 21541
16301 12675 21703
16302 12675 21704
16303 21537 12649
16304 21537 12646
16310 12673 21433
16313 21211 12681
16316 21191 21190
16318 21184 21188
16319 12681 12685
16320 21512 21513
16321 12637 21455
16322 21455 21423
16323 12688 21541
16324 12689 21424
16325 21448 21449
16329 12632 12694
16330 12649 12695
16331 12696 12661
16335 21513 21514
16336 12685 21215
16337 21215 12604
16338 21541 21543
16340 21683 12700
16341 12700 12694
16342 12701 21537
16344 12702 12703
16345 12701 12695
16347 21540 21537
16351 12708 12675
16352 12709 12708
16353 21543 21540
16356 12689 21215
16357 12694 12708
16361 12695 12714
16363 21212 12644
16365 12700 12718
16366 12718 12719
16367 12720 21514
16369 21690 12688
16370 12722 12688
16371 12722 21701
16375 12345 12722
16376 12724 12696
16377 12709 12379
16378 12689 21426
16379 12379 12345
16380 12714 12725
16381 21433 21434
16383 21534 12714
16384 21434 21430
16385 12729 21212
16386 12729 12681
16387 12709 21706
16389 12651 12731
16390 12725 12731
16391 21538 12701
16393 21705 21706
16396 12718 12736
16397 12737 12724
16400 12739 12724
16405 12369 21450
16406 12359 12736
16407 12359 12739
16408 12364 21190
16409 21706 21707
16410 21740 21707
16411 12744 21542
16412 21538 12744
16414 12364 21213
16415 21213 12729
16421 21693 21698
16422 21692 21698
16423 21698 12391
16424 21518 12752
16425 12402 21538
16426 21545 12402
16432 21216 12685
16443 12764 12358
16447 21455 21457
16450 21454 21457
16451 12725 21535
16454 12744 21547
16455 12397 21447
16456 12397 12369
16457 21539 21534
16461 21702 21708
16462 21708 21707
16463 21457 12773
16464 21515 12773
16465 21535 12404
16466 12404 21539
16467 21518 12720
16468 12731 21521
16470 12775 21213
16471 12775 12419
16473 21547 12777
16474 21693 12777
16475 12773 21516
16476 12764 12417
16487 12787 21746
16488 12777 21548
16489 12789 21546
16491 21217 21216
16492 12791 12792
16497 12792 12797
16499 21693 21695
16500 21698 21695
16501 21548 12789
16509 21214 12775
16511 12421 21431
16513 12418 12808
16514 12797 12808
16515 12809 12410
16522 12807 21185
16524 12809 21452
16525 12817 21903
16526 12752 12817
16528 21712 21707
16533 12822 21194
16534 21194 21192
16537 21712 21710
16539 21429 21428
16540 21431 21429
16541 12828 12373
16543 21694 21548
16544 12808 21745
16545 12792 21745
16546 12832 12807
16548 21696 21694
16549 21695 21696
16550 21187 12828
16551 12836 21187
16552 12836 12822
16553 21427 21217
16554 21428 21427
16555 12817 12838
16564 12842 12809
16567 21516 21456
16568 12845 21185
16569 12828 12845
16572 12838 21520
16574 12850 12391
16575 21456 12842
16580 12845 12853
16581 21696 21699
16582 12850 21699
16584 12838 21519
16586 12850 21709
16587 12859 21194
16588 21214 12859
16594 21435 21436
16596 21193 12836
16601 21744 21712
16602 21744 12873
16604 12875 21193
16605 12859 12875
16606 21744 12876
16608 21709 21711
16611 12879 12880
16612 12880 12881
16613 12880 21694
16614 21549 12789
16620 21431 12888
16621 12888 21436
16622 12853 21186
16625 21549 12879
16629 21711 12876
16630 21744 12893
16636 21714 12881
16648 21718 21699
16649 21718 21714
16650 12909 12910
16651 21218 12875
16653 21456 21466
16660 21219 21218
16663 21228 21226
16664 21427 21228
16665 21748 21749
16668 21462 12842
16671 21520 21528
16672 21466 12929
16673 21549 12930
16679 21519 21523
16683 12939 21744
16685 21720 21718
16687 12930 12941
16688 12879 21715
16689 21715 21716
16690 12930 21556
16691 12941 21715
16696 21201 21187
16697 21193 21201
16698 21438 21429
16699 12949 21716
16700 12949 21714
16701 12950 21218
16703 12939 12952
16704 21550 21551
16705 21719 12949
16706 21719 21718
16707 12955 21462
16708 12952 21731
16711 12959 21219
16712 21228 12959
16717 21749 12963
16718 21201 12964
16719 12965 21550
16720 12964 12966
16721 12966 21198
16722 12967 21719
16724 12964 12969
16727 12888 12972
16730 21723 21720
16731 12976 12977
16732 12978 12967
16734 21723 21721
16736 21523 21527
16737 21732 21723
16743 12988 21228
16746 12990 12988
16747 12990 21438
16749 21528 12992
16750 12992 21550
16751 12978 12993
16752 12993 21721
16753 12992 12994
16754 21552 12965
16755 12996 12990
16759 12999 12992
16760 12999 12994
16762 12941 21557
16763 13001 12959
16766 21734 21732
16767 13005 21734
16768 12952 13005
16772 21219 21220
16774 21716 21717
16775 21723 21724
16778 13013 21734
16779 12993 13014
16780 13014 21724
16782 12950 13016
16789 12988 21437
16793 21529 13026
16794 13026 12999
16795 13027 21557
16796 13027 21552
16802 13024 21199
16803 12966 21199
16804 12977 13032
16807 21750 13036
16808 13036 13032
16809 12969 21202
16813 13001 21227
16816 13042 12950
16822 13047 21529
16823 13047 13026
16830 13052 12939
16831 13052 21750
16832 21717 21728
16833 21728 12978
16837 21230 13057
16838 21230 13001
16849 21230 21439
16850 21220 21224
16854 21559 13027
16858 21204 21201
16859 21204 13042
16862 13016 21222
16863 21221 13042
16864 13016 21221
16865 21530 13061
16866 21527 21530
16867 21530 13047
16868 12438 13052
16869 13036 13075
16875 21724 13081
16877 21437 21444
16879 21725 21559
16880 21725 13085
16881 21725 21728
16882 21553 12999
16885 13027 21553
16895 13095 21203
16898 12451 21204
16902 21531 21553
16903 21204 13095
16904 21725 12443
16906 21199 21200
16907 21203 21200
16911 21227 21229
16916 21440 21230
16921 21440 13113
16948 21530 21526
16949 13095 21205
16978 21231 21229
17001 21444 13172
17003 13173 13172
17006 21442 13175
17007 13173 21442
17011 21441 21231
17012 21441 21440
17013 21442 12452
17015 21441 13181
17019 21441 13175
17109 21564 13175
17164 12457 21568
19603 21551 12789
19604 15187 12873
19605 15187 21748
19606 12910 15187
19607 21699 15188
19611 12648 15190
19612 15191 15192
19613 12601 15193
19614 15194 15195
19615 12702 15196
19617 15192 15199
19618 15197 15200
19620 15201 15202
19621 12703 15203
19622 15200 15204
19623 15200 15205
19624 15191 15205
19625 15205 15197
19626 12737 15204
19627 15206 12417
19628 13032 13075
19629 21734 15207
19630 15207 15208
19631 15208 13081
20085 12494 21508
20086 21499 12494
20388 21521 12752
20576 12963 12976
20577 12893 21748
20578 12910 12896
20579 15206 12764
20580 21500 12494
20581 21521 21518
20583 12873 15206
20584 12791 12787
20585 21746 12737
20586 15204 15191
20587 15205 15191
20588 12656 12702
20589 12703 15192
20590 15201 12657
20591 12601 12647
20592 15194 15201
20593 12648 15194
