NbNode NbEdge POD
426 536 172
20660
20665
20666
20667
20758
20759
20763
20764
20775
20778
20781
20782
20787
20880
20881
20882
20885
20888
20889
20890
20892
20893
20935
20936
20937
20938
20939
20940
20944
20945
20947
20948
20949
20953
20951
20952
20954
20955
20956
20957
20958
20959
20972
20973
20974
20975
20976
20977
20978
20979
20980
20981
20982
20983
20984
20985
20986
20998
21003
21001
21004
21005
21006
21007
21008
21009
21010
21011
21012
21060
21063
21064
21065
21066
21067
21068
21121
21122
21125
21124
21126
21127
21128
21129
21156
21157
21158
21159
21165
21166
21167
21169
21176
21178
21398
21399
21400
21401
21402
21404
21406
21407
21408
21409
21410
21414
21419
21471
21472
21473
21474
21475
21476
21477
21486
21487
21488
21489
21490
21491
21492
21493
21494
21495
21496
21502
21505
21506
21633
21634
21635
21636
21637
21638
21639
21640
21641
21642
21643
21644
21645
21646
21647
21648
21649
21650
21652
21654
21655
21660
21658
21659
21661
21662
21663
21664
21666
21668
21669
21670
21671
21672
21673
21674
21675
21676
21677
21678
21679
21680
21681
21684
2318 1854 21669
4350 20978 3479
11896 21121 9301
11897 9302 21633
11898 9302 9304
11902 9310 9311
11903 9312 9310
11905 21669 9315
11907 21127 9319
11908 9320 9321
11909 9320 9322
11911 9325 9326
11912 9327 21399
11914 9301 9331
11915 9332 9331
11916 9331 21127
11917 21673 9320
14877 3101 20665
14885 11532 3101
14923 11532 11562
15000 20935 11625
15004 20935 11628
15008 20944 21985
15010 11625 20939
15013 20939 20944
15019 20781 20782
15020 20781 11643
15040 11655 20944
15042 11628 20936
15047 20775 20781
15054 20936 11665
15055 11665 20940
15064 20939 11672
15065 11672 11655
15066 20888 20885
15067 11628 20888
15071 11655 20945
15073 11679 20775
15075 20667 3101
15083 11665 11686
15084 11686 11672
15091 20880 11691
15092 20880 20885
15106 20937 20888
15115 20938 20937
15119 20945 11713
15120 20787 11715
15121 11715 11643
15125 11717 11686
15126 11717 20949
15127 20956 11713
15128 11713 21895
15130 11721 11717
15131 11717 20938
15134 20956 11723
15135 11723 20957
15136 11721 11725
15137 11725 20952
15138 11725 20956
15146 11715 11678
15147 11678 20880
15150 11737 11723
15151 11737 11710
15155 11741 21005
15160 11741 21006
15163 11747 11532
15165 11749 20973
15166 20973 11737
15172 20885 11756
15182 11763 20974
15183 11765 11763
15184 11763 20973
15185 11741 11766
15186 20758 20667
15187 11766 11768
15201 20947 11717
15202 11780 20882
15203 20880 11780
15205 11783 11747
15211 20954 11723
15219 11766 11797
15220 11797 21010
15223 11679 11801
15224 11801 11715
15228 20947 20948
15229 11768 11805
15232 20981 11808
15233 20981 20979
15237 11678 11812
15238 11812 11780
15239 20667 11813
15240 20954 20972
15241 20953 11721
15242 20954 20953
15243 21001 20998
15244 11805 21001
15248 11818 20998
15250 11820 11813
15251 20758 11820
15252 21003 11818
15253 21001 21003
15255 11823 20764
15256 20764 11824
15257 11756 11825
15258 11825 20947
15262 20975 20973
15263 11829 11830
15264 11824 11829
15265 21007 11832
15266 11797 21007
15267 11833 11834
15268 20982 20981
15269 20982 11818
15270 11833 20975
15271 20955 20953
15272 20955 20954
15274 20982 11838
15281 11838 20983
15282 11845 21007
15284 11833 20972
15290 11780 20889
15291 11851 20977
15292 11853 20980
15293 11853 11851
15295 20983 11853
15296 20977 11833
15298 20778 11679
15299 11829 20778
15300 20778 11858
15304 11861 21011
15305 11861 21007
15306 11861 11863
15307 20955 20958
15310 11867 11805
15311 11867 11845
15312 11867 21008
15313 20892 11825
15316 11838 11871
15318 11867 11873
15319 11873 21003
15321 11874 11823
15323 11871 11876
15324 11801 20881
15325 11812 20881
15327 11879 20881
15328 11880 11861
15329 11880 11863
15330 11881 11882
15331 11882 11879
15332 20948 11883
15333 11883 20955
15334 11883 20951
15335 11861 11885
15336 11858 11886
15337 11801 11886
15338 11886 11882
15339 20660 11783
15341 11876 3479
15342 11880 11889
15343 20763 11874
15346 11813 11892
15347 21009 11873
15348 20959 20955
15350 20958 20976
15351 11885 21009
15353 20758 20759
15359 11902 21004
15360 21009 11902
15361 20892 20893
15363 20985 11871
15364 20985 21003
15365 3479 20977
15366 11783 20666
15367 20666 11892
15370 11909 11863
15371 11910 20976
15372 11910 20978
15374 20660 20666
15376 20984 11876
15377 11902 11914
15378 11915 20892
15379 20890 21896
15380 11917 11909
15381 11918 11820
15383 11920 20985
15384 11915 20890
15385 20889 11915
15386 11921 21009
15389 20986 11920
15390 11914 20986
15393 21898 21012
15394 21898 11880
15395 21898 11917
15400 11929 21634
15401 11931 11921
15407 11936 21898
15408 11937 11929
15410 11921 11937
15411 20893 21471
15412 21471 20890
15413 11940 11931
15415 9327 20881
15416 11915 9327
15420 11943 11940
15421 11940 21643
15424 20984 21493
15425 21493 11920
15426 11883 11947
15427 11947 21471
15428 11948 11943
15429 11948 21898
15431 11950 11947
15432 11947 21474
15433 11937 21641
15434 21486 20959
15435 21486 11950
15437 21486 11954
15438 11955 11858
15439 11956 21471
15440 11957 21494
15441 21493 11957
15442 11829 21156
15443 11950 21476
15445 21487 11910
15446 21487 21486
15447 11963 11948
15448 11964 20763
15450 9311 11940
15452 11882 11967
15453 9312 11963
15454 9312 21668
15455 11963 21668
15456 21668 11936
15457 21668 11969
15459 11967 21165
15463 11974 21487
15464 11975 9312
15465 21668 9315
15466 21487 11976
15467 11957 11976
15468 9315 11975
15469 11892 21064
15470 11978 11976
15471 11937 11979
15472 9311 11979
15474 9304 21635
15475 11929 9304
15476 11979 9304
15478 11976 21492
15479 9319 11874
15480 11823 9319
15481 11983 11975
15488 11990 11978
15489 11990 11991
15491 21472 21414
15494 20666 21060
15497 21633 11990
15498 9315 1854
15499 11950 11998
15502 12001 11978
15504 12003 9302
15505 12003 11979
15508 12003 21636
15512 11974 12009
15513 12009 21491
15514 21642 12003
15515 21642 9310
15517 11998 21475
15521 12015 21642
15523 21156 21157
15524 12018 12019
15525 12020 12019
15526 12020 11983
15528 12019 21670
15529 12023 21669
15530 12024 11998
15531 12024 11974
15534 12018 12015
15539 12031 12032
15541 9321 12020
15542 9321 21669
15543 21122 11964
15544 12034 12001
15545 12035 12018
15546 12020 12035
15551 12009 12034
15553 21398 20881
15554 12038 21398
15556 12040 9321
15558 9322 12035
15559 12042 11918
15560 12042 21878
15561 12042 21122
15562 12043 21122
15567 12038 9325
15569 12043 9332
15571 9326 21399
15572 21673 12040
15573 21673 12023
15575 11967 12047
15576 21398 12047
15580 9320 12049
15581 21673 12049
15585 12049 12052
15587 21673 12053
15588 12054 21157
15589 12052 21672
15591 12057 12024
15592 12053 21676
15594 21488 12057
15595 21671 9322
15596 12062 21127
15597 12063 12034
15598 12063 21496
15600 12054 12062
15601 11955 12066
15602 12047 12067
15603 12068 12069
15604 12070 21644
15605 12070 12015
15606 21647 12070
15607 21064 21060
15608 21064 12073
15609 21676 12074
15610 12074 12075
15611 12076 12077
15612 12066 12078
15613 12079 12068
15614 12080 12054
15615 12069 12080
15616 12078 21158
15617 21158 12079
15618 12077 21473
15619 12075 12083
15622 12086 21633
15623 9326 12087
15624 12088 21671
15625 21676 12089
15626 12090 21488
15629 12093 12090
15630 21399 12094
15632 12063 21638
15633 21638 21637
15634 21158 12098
15635 9331 21126
15636 12070 21645
15638 12093 21477
15639 21671 12103
15640 21672 12103
15641 12077 12093
15643 12083 21674
15645 21645 21646
15647 12063 12108
15649 21128 21127
15650 12062 21128
15651 12078 12111
15653 21675 12049
15654 21675 21673
15655 21674 21675
15656 21638 12114
15657 12114 12086
15658 21648 21647
15659 21648 12088
15660 21490 21488
15662 21675 12118
15664 21674 12120
15665 12118 12103
15666 12121 21490
15667 12121 21495
15668 21490 21900
15669 21489 21490
15670 12103 12124
15674 12127 12090
15677 12120 12130
15678 12089 12130
15679 12127 21489
15683 21645 12133
15687 12136 12121
15688 21064 21065
15689 21065 12042
15692 21646 12139
15693 12140 12130
15694 12141 12114
15695 12133 12141
15696 12141 21640
15698 12144 12141
15701 21166 12147
15702 12144 21639
15704 12150 21128
15705 12150 12080
15706 12147 21176
15707 21176 12047
15708 12152 12079
15710 21127 12154
15712 12150 21159
15713 21639 12157
15715 12154 12160
15717 12162 21648
15725 12171 12162
15727 12139 21660
15728 12171 21660
15729 12174 21126
15731 21677 12124
15732 21677 12162
15733 21660 12141
15734 12136 21502
15735 21167 12147
15736 12179 21398
15737 12179 12087
15738 21505 12136
15739 12108 21505
15740 21505 21639
15741 12179 21401
15742 12182 21675
15743 21167 21169
15744 12184 12179
15745 12184 12087
15746 12135 12184
15749 21158 21167
15750 21505 12187
15751 12182 12188
15752 12188 21679
15754 12191 21677
15758 12195 21065
15759 12196 12184
15767 21639 21650
15774 21065 21068
15775 21176 12208
15776 12208 21178
15780 12212 12127
15781 21661 12171
15786 12188 21680
15787 12218 12191
15788 12218 12182
15789 12073 21066
15790 12195 21066
15794 12144 12223
15795 21649 21650
15796 12179 12225
15800 12230 21400
15803 12208 12230
15810 12234 12235
15817 21662 21658
15818 21662 21661
15824 12247 12150
15825 12247 12152
15829 21129 12251
15830 12160 21129
15837 21649 12256
15838 21506 21649
15841 21129 12260
15844 21652 12256
15845 12223 21652
15851 21406 12196
15854 21661 21678
15855 12191 21678
15859 12272 12218
15860 21652 12273
15866 12256 12279
15870 12282 21662
15873 21066 12284
15874 12195 12284
15875 12284 21067
15877 12273 12286
15878 12286 21659
15880 21659 12282
15893 21125 12174
15895 12230 12300
15908 12300 12309
15912 21408 12196
15913 12314 12282
15915 12314 21663
15916 12300 21402
15921 12272 12322
15922 12323 12324
15926 21654 12327
15928 21681 12330
15932 12309 21404
15935 21663 21681
15936 21678 21681
15940 21063 21066
15944 21681 12343
15945 12343 12344
16029 12344 12272
16030 12284 12468
16031 12469 21063
16034 12344 21684
16035 12473 21654
16039 12473 21655
16045 12309 12482
16063 21664 12314
16065 12473 21664
16073 12505 21068
16074 21125 12505
16078 12505 21124
16079 12509 12344
16092 12482 21409
16093 21409 21408
16102 12526 12469
16103 12468 12526
16106 12529 21409
16111 21681 12534
16112 12343 12534
16150 12562 12563
16153 12526 12378
16154 21124 12378
16159 21410 21409
16171 21419 12562
16174 21410 21419
16176 21666 21664
16179 21407 12482
16208 12378 12606
16268 12652 21410
20090 11808 20980
20101 12234 15837
20386 12032 16075
20387 12031 16076
20390 12111 12067
20392 21406 12225
20396 21472 12076
20397 16084 20759
20582 21475 12076
20596 15837 12323
20597 12322 12323
20598 12225 12230
20599 12111 21166
20600 12067 12066
20601 12032 12038
20602 9327 12031
20603 11808 11765
20604 21471 21472
29653196 21878 21122
29653209 21895 20956
29653210 21896 11915
29653274 21060 12073
29653392 20759 20763
