NbNode NbEdge POD
486 631 212
19880
19892
19893
19895
19896
19897
19900
19901
19902
19904
19905
19906
19907
19908
19909
19930
19931
19934
19935
19936
19937
19938
19941
19942
19943
19944
19945
19946
19947
19948
20130
20137
20139
20140
20189
20190
20191
20192
20193
20194
20195
20196
20197
20198
20199
20201
20204
20205
20207
20208
20209
20210
20211
20212
20213
20214
20215
20216
20217
20218
20219
20220
20221
20222
20223
20224
20225
20226
20227
20228
20229
20230
20234
20244
20245
20246
20247
20248
20249
20250
20251
20252
20253
20254
20255
20256
20257
20258
20259
20260
20262
20263
20264
20265
20266
20267
20268
20269
20270
20271
20273
20274
20275
20276
20277
20278
20279
20280
20281
20282
20283
20284
20285
20384
20387
20388
20389
20390
20394
20395
20396
20397
20398
20399
20402
20403
20656
20657
20659
21013
21014
21015
21016
21017
21018
21019
21020
21021
21022
21023
21024
21025
21026
21027
21028
21029
21030
21031
21032
21033
21034
21036
21037
21038
21039
21040
21041
21042
21043
21044
21045
21046
21047
21048
21049
21050
21051
21052
21053
21054
21055
21056
21057
21058
21059
21061
21062
21069
21070
21071
21072
21073
21075
21084
21085
21086
21087
21088
21089
21090
21091
21092
21093
21094
21095
21096
21097
21098
21100
21101
21313
21314
21315
21316
21317
21318
21319
21321
21328
21329
21330
21331
2539 21092 2045
2540 20253 20252
2561 21069 21070
11894 9297 19945
11895 9297 20207
11906 9316 20215
11913 9329 20195
14278 19892 11042
14279 19892 19880
14423 11042 19901
14482 19892 19900
14483 19900 19901
14523 11248 19904
14528 19901 11248
14537 19904 19930
14539 19893 19892
14626 19895 19893
14658 11358 19895
14669 19896 11358
14680 11375 19895
14750 19930 19931
14786 11460 19931
14795 11467 11460
14822 19902 11248
14832 11495 19902
14838 11495 19896
14917 11557 11375
14931 19935 11520
14952 19935 19931
14956 19935 19936
14970 19936 19937
14971 19937 19941
14978 19944 19947
14983 19941 19942
15011 19897 11557
15025 19942 11646
15031 19905 11495
15032 19905 11467
15036 19938 19937
15059 19943 11646
15060 19943 19944
15063 19905 19906
15068 11674 11675
15070 19943 19938
15076 19943 11674
15082 19905 19907
15086 19907 19935
15132 11722 19905
15133 11722 19907
15153 11739 19905
15154 19943 19946
15161 19908 11722
15189 11770 19908
15234 19909 11770
15249 11819 11770
15273 11837 11739
15275 19906 11839
15278 11839 11841
15280 19946 11843
15285 19909 11847
15294 11847 11839
15340 11843 19948
15349 20656 15900
15356 20657 20659
15375 19934 11819
15391 19945 19943
15402 11932 20656
15403 11932 21013
15405 21013 11935
15406 11935 20657
15409 19946 20214
15414 19948 20214
15436 20214 11932
15461 20214 9316
15462 11973 20214
15473 21014 11935
15486 11841 11988
15487 21026 11908
15495 20207 11973
15500 20189 19934
15510 21025 21026
15511 20659 21025
15527 12021 21059
15533 12026 9297
15535 12026 20208
15537 20191 20189
15540 20189 9329
15550 20191 9329
15552 20195 12026
15563 9316 20216
15564 21025 12021
15577 20189 12048
15578 12048 20191
15599 20190 12048
15621 12085 12026
15627 12091 12021
15646 21024 21025
15671 12125 21014
15675 20216 12128
15676 12128 21015
15690 21016 12125
15691 21024 21016
15697 12085 12143
15699 12125 12145
15700 12128 12145
15703 11988 20130
15711 12145 21017
15714 20209 12159
15716 12143 20211
15719 12165 20209
15720 12166 21017
15726 12172 20190
15747 21029 12091
15748 12186 12166
15755 12192 11973
15756 12193 21024
15757 12194 21029
15760 12197 11988
15761 12192 12165
15765 12201 12085
15770 12201 20210
15771 20210 12143
15772 20211 12192
15777 20194 12172
15778 20195 20196
15779 12201 20196
15784 20217 12159
15785 20217 12186
15798 21017 21021
15804 21028 12194
15811 21021 12236
15812 21016 12236
15835 20212 12192
15848 21027 12193
15850 21028 21027
15862 21017 21018
15867 12159 12280
15871 12283 21028
15872 12283 12194
15882 20192 12197
15883 20192 20194
15894 12299 20217
15896 21018 12301
15897 12280 12299
15903 20130 12305
15909 20197 12201
15910 12311 20192
15911 21061 12283
15914 21022 12236
15934 12280 20218
15947 21039 21023
15948 21039 21048
15949 12350 21031
15950 12350 21053
15951 20199 12354
15952 20199 20198
15956 12361 21054
15966 12374 12350
15971 12382 20199
15972 12382 12383
15993 21057 21071
15994 12414 20224
15995 20223 12414
16002 21056 21053
16003 12427 20219
16005 21055 12350
16006 12374 12432
16037 12311 20193
16041 12479 20194
16044 12481 21027
16081 12511 12280
16084 20213 20212
16085 20213 12511
16096 12301 12521
16097 12522 21061
16107 12521 21020
16109 20193 12532
16124 21062 12522
16129 21023 21022
16130 21023 12481
16137 12521 21019
16152 12564 12565
16155 12305 12564
16156 12566 20213
16172 12166 12579
16175 12579 21019
16185 12587 12197
16186 12532 12587
16189 21032 12591
16193 21031 21030
16197 21033 21032
16198 21033 21061
16203 12602 12481
16205 12591 21031
16216 21062 21072
16220 21070 21033
16231 12311 12622
16255 12565 12639
16256 12587 12639
16273 20198 12622
16284 20219 12566
16285 12622 12665
16286 12665 12479
16299 21069 21033
16300 21070 21062
16305 21019 21034
16311 12639 20137
16312 12579 20223
16317 20139 12587
16346 12704 20139
16360 21034 21036
16362 12715 12566
16388 21048 12602
16392 21054 21069
16399 21053 21054
16401 12354 12704
16404 12741 12665
16419 12749 12361
16420 21073 12749
16427 21042 21049
16428 12756 21073
16433 21072 21073
16434 20204 12741
16437 12762 20204
16439 21071 12361
16445 12766 21039
16446 12374 12766
16449 12383 12762
16452 21042 21023
16453 12766 21042
16469 12432 21055
16472 12776 12756
16478 12780 21036
16479 12780 12414
16482 20224 12427
16483 21052 12432
16484 12427 20220
16485 20140 12704
16486 12354 12786
16490 12786 20140
16496 21040 21036
16498 21042 21040
16503 12776 12800
16505 21041 21042
16506 21049 21050
16507 21050 21052
16510 21040 21038
16517 21037 12780
16521 21038 21037
16523 12815 12776
16531 12821 12715
16532 20220 12821
16565 12843 20197
16566 12843 12715
16570 21049 21043
16597 21075 12815
16598 12800 21075
16615 21050 21051
16616 12780 12884
16623 21051 21058
16624 12821 12891
16626 21050 21058
16639 12884 20226
16647 12907 12843
16652 12891 12912
16654 20205 12383
16655 12907 20205
16658 12916 12907
16659 12912 12916
16662 20225 20226
16669 20201 20199
16670 20201 12382
16674 12912 12931
16744 21044 21038
16745 21043 21044
16748 20222 20225
16769 20221 20220
16771 20221 20222
16784 13017 12891
16785 13017 20221
16786 20227 12884
16835 20228 20227
16851 13066 21075
16852 12432 13066
16855 13069 20227
16856 20230 20228
16873 20222 13079
16908 21045 20230
16928 13120 21044
16942 21046 21047
16950 20229 20228
16960 21045 13142
16961 13142 13120
16962 13142 21046
16974 13079 13153
16975 13069 13153
16996 13169 13153
17025 13186 13142
17030 20229 13189
17038 13196 13079
17039 13196 13169
17060 13213 13169
17061 13213 13189
17066 20244 13017
17069 21046 21088
17070 21058 21088
17071 13221 13196
17072 20246 13221
17073 13223 13186
17083 13230 20244
17084 13230 13221
17085 13221 13231
17094 13231 13237
17098 13189 20265
17112 13251 20265
17113 13251 13223
17118 13237 13213
17165 21084 13186
17166 20248 20246
17167 20248 13231
17184 13294 20248
17187 13237 13296
17206 13313 20245
17207 13313 13230
17208 13313 13294
17232 20247 13313
17243 13337 21084
17258 20247 20249
17261 20249 13350
17262 13350 20254
17263 13296 20254
17277 20234 20244
17303 13350 13381
17304 13381 20254
17305 13382 13251
17312 20250 20247
17339 20252 20250
17340 13381 20252
17353 20250 13417
17354 20234 13418
17355 20267 20266
17366 13382 20267
17376 20252 20264
17377 20264 13382
17389 13444 20255
17390 13444 20264
17392 20256 13444
17409 13417 20251
17410 20251 20253
17412 20250 13418
17413 20266 20268
17414 20268 13337
17432 13476 20253
17433 13476 20256
17434 13476 20251
17457 13491 13476
17461 21088 13494
17462 13494 21089
17476 13507 13491
17480 13418 13512
17488 20257 13507
17492 13520 13512
17499 20267 20271
17525 13520 20251
17527 20271 20256
17556 13564 20258
17560 13569 13564
17561 13570 13569
17562 13494 13571
17563 13571 21089
17565 13569 13572
17566 20260 13507
17567 20260 13491
17568 20260 13570
17584 13572 13588
17586 13512 13590
17587 13590 13520
17591 21085 20268
17602 21090 13571
17609 13582 21090
17613 13612 20271
17614 21085 13612
17635 20269 20260
17636 20271 20269
17663 21090 13646
17666 13590 13649
17667 13588 13649
17683 20262 20260
17691 13646 21087
17706 13646 21091
17710 21085 13683
17714 13649 20259
17715 20259 13588
17718 21087 13688
17719 21086 13683
17724 13683 13688
17728 13612 13695
17729 13695 21086
17745 13695 20270
17791 20263 20269
17792 20270 20263
17793 13688 21092
17798 21086 21092
17810 13748 20262
17838 13766 13768
17839 20259 13768
17842 13768 13770
17843 13770 13748
17859 20270 20278
17860 21086 20278
17866 20273 13768
17870 13791 20273
17871 13791 13770
17882 13798 13791
17886 21091 13801
17890 13803 21092
17892 20263 20277
17893 20277 13798
17895 20278 20277
17902 13817 13818
17903 21096 13818
17904 21096 13817
17905 21096 13820
17910 13828 21096
17911 13828 13818
17913 13831 13828
17915 21101 13835
17918 13838 20285
17925 20395 13852
17931 13859 13860
17934 13865 13866
17936 13869 13865
17965 13910 21321
17966 21318 13913
17977 13798 13925
18014 13803 21094
18015 21094 2045
18016 13925 13957
18017 20277 13957
18023 13962 20273
18036 20278 13970
18037 13971 20277
18038 13970 13971
18041 13970 20279
18045 13977 13962
18046 22010 13970
18047 22010 13803
18051 13982 13983
18052 13982 13977
18054 13977 13985
18055 13962 13985
18058 21093 21094
18061 13985 20274
18062 13957 20274
18082 2045 21100
18101 20274 14020
18110 14020 14025
18111 14025 20282
18112 20282 20279
18119 20275 13982
18123 14036 20274
18139 13835 14043
18142 14051 14052
18143 14052 14036
18144 14053 20275
18145 14053 14051
18152 14052 20276
18153 20276 14036
18158 14062 21100
18159 14062 13835
18163 20280 20282
18164 20280 14025
18168 20284 22009
18169 20276 14071
18170 14071 14020
18171 21095 20284
18178 14076 14053
18181 21098 14062
18182 14051 14078
18183 14078 20276
18185 14079 21098
18186 14076 14078
18188 20285 20283
18193 21097 14079
18197 14071 14087
18198 14087 20280
18218 14099 21095
18219 14099 14079
18220 13820 21097
18223 13817 14099
18230 13838 13818
18233 21101 14104
18236 14108 14076
18237 20281 14087
18239 14108 14111
18241 20281 14113
18246 14117 14111
18250 14113 14117
18255 14122 13831
18259 20281 14125
18260 14125 13838
18263 14111 14128
18279 20384 14108
18280 14128 20384
18284 14122 21101
18294 21313 13831
18297 21313 14150
18298 14122 14150
18303 20384 14154
18304 14154 14128
18328 14150 14171
18338 14125 20397
18339 13818 20397
18340 20397 14180
18343 14182 14122
18345 14180 14184
18351 20387 20281
18366 14197 14182
18369 14184 14200
18370 14200 21313
18371 21314 14200
18372 14171 21314
18373 21314 14197
18376 14203 21314
18377 14197 14204
18385 20395 20397
18388 14154 20388
18389 20388 20387
18403 13852 14215
18415 20388 20389
18417 20395 20394
18418 14227 21315
18419 20395 14229
18445 14245 14246
18453 14229 20396
18464 14260 14229
18465 14260 13852
18478 20394 20390
18479 20389 20390
18486 14274 20390
18491 20396 14276
18493 14274 14278
18498 14280 14278
18506 14280 13859
18508 20390 14282
18511 13860 13869
18519 14282 14286
18520 14276 14286
18523 14288 14260
18552 14310 14204
18565 20402 14288
18570 14322 14282
18571 14286 14322
18576 14215 14325
18581 20398 14322
18582 14330 20402
18591 14325 14227
18592 14227 14337
18593 21319 14339
18601 21317 14325
18605 14322 20399
18606 20399 20402
18614 14354 14330
18623 14360 14227
18624 21319 14360
18625 21316 21317
18626 14362 14354
18636 20403 14371
18654 14384 20403
18659 14389 21316
18660 14389 14384
18687 13913 14389
18688 14407 14360
18716 14426 14427
18717 14426 14428
18733 14441 14442
18740 14450 14451
18754 14465 14426
18755 14451 14466
18759 21331 14450
18763 14450 14472
18764 14472 21331
18765 14473 14451
18767 14475 14473
18770 14478 21328
18771 21819 14465
18777 14485 21819
18785 21330 14485
18786 21330 14475
18790 14494 21328
18794 21329 14494
18807 14494 14509
20065 14330 14362
20066 20403 15809
20067 14427 15810
20068 15811 15812
20069 15813 15814
20070 14276 14288
20071 15814 14466
20072 14485 15815
20073 15815 21819
20074 14465 15815
20075 14337 15816
20076 15817 14451
20077 14473 15818
20078 14407 14428
20079 15819 14389
20080 21315 14246
20081 20403 15819
20082 15816 14339
20083 15816 21319
20084 14441 15817
20173 15899 15900
20174 15901 15899
20382 16068 20221
20624 21315 14184
20625 14339 14310
20690 15813 14465
20691 14466 15813
20692 14451 14441
20693 14466 15811
20694 14428 13910
20696 14427 21318
20697 14246 14203
20698 13913 14407
20699 14371 14362
20700 14362 16246
20701 14337 14245
29653149 21819 21328
29653291 22009 22010
29653292 20283 22009
