NbNode NbEdge POD
1018 1321 381
16382
16700
16704
16705
16706
16707
16708
16709
16710
16711
16713
16714
16715
16716
16717
16718
16720
16721
16775
16782
16783
16784
16785
16786
16787
16788
16790
16791
16792
16793
16794
16795
16796
16797
16798
16799
16800
16801
16802
16803
16804
16805
16806
16807
16808
16809
16810
16989
16812
16971
16972
16973
16986
16987
16988
16990
16991
16992
16993
16994
16995
16996
16997
16998
17014
17023
17024
17025
17026
17027
17028
17029
17030
17032
17033
17034
17035
17036
17037
17038
17081
17082
17083
17084
17085
17086
17087
17088
17089
17090
17091
17092
17093
17095
17096
17097
17098
17099
17100
17101
17102
17103
17104
17108
17110
17111
17112
17113
17114
17115
17116
17117
17118
17119
17120
17121
17122
17124
17125
17127
17128
17129
17130
17131
17132
17133
17134
17135
17136
17137
17138
17139
17140
17141
17142
17143
17144
17145
17146
17147
17148
17149
17150
17151
17152
17153
17154
17155
17156
17157
17158
17159
17160
17161
17162
17163
17164
17165
17166
17167
17168
17169
17170
17171
17172
17173
17174
17175
17176
17177
17178
17179
17190
17191
17192
17193
17194
17195
17196
17201
17202
17203
17204
17205
17209
17210
17211
17212
17213
17214
17215
17216
17218
17221
17220
17226
17223
17224
17255
17227
17228
17229
17230
17231
17232
17233
17234
17235
17236
17237
17238
17239
17240
17241
17242
17243
17244
17245
17246
17247
17248
17249
17250
17251
17252
17253
17254
17256
17257
17258
17259
17260
17261
17262
17263
17264
17265
17266
17267
17268
17269
17270
17271
17272
17273
17274
17275
17276
17277
17278
17279
17280
17281
17282
17283
17284
17285
17286
17287
17288
17289
17290
17291
17292
17293
17294
17295
17296
17297
17298
17299
17300
17301
17302
17303
17304
17305
17306
17307
17308
17309
17310
17311
17312
17313
17314
17315
17316
17317
17318
17319
17320
17321
17322
17323
17324
17328
17329
17330
17331
17332
17333
17334
17335
17336
17337
17338
17371
17372
17373
17375
17376
17377
17384
17389
17921
17923
17924
17925
17927
17928
17929
17930
17931
17932
17933
17934
17935
17936
17937
17938
17939
17940
17941
17976
17978
17979
17980
17981
17982
17983
17984
17985
17986
17989
17990
17991
17994
17995
17996
17997
17998
17999
18000
18001
18002
18003
18004
18005
18006
18007
18008
18009
18010
18011
18012
18013
18014
18015
18016
18017
18018
18019
18020
18022
18027
18028
18035
18036
18037
18065
103 161 162
104 161 163
105 17986 165
106 166 167
107 166 168
108 169 17924
109 17026 172
110 173 174
111 175 16720
112 169 177
113 178 179
114 174 180
119 187 17231
120 189 190
122 190 192
123 193 194
124 195 196
125 192 196
854 16788 860
1662 1352 16972
1688 16971 1372
1689 1372 1376
1707 1372 16783
1730 16783 1404
1734 1404 16775
1736 1408 16700
1750 16971 16973
1751 16973 1352
1753 17014 1422
1756 1424 1422
1757 1425 1422
1759 1425 1424
1760 1427 1423
1761 1424 1427
1764 1429 1404
1765 1429 16782
1768 1433 1427
1769 1434 1425
1770 1434 1433
1774 1437 17025
1776 1437 1434
1777 1440 1437
1781 1443 1444
1782 1380 16997
1783 1444 16997
1787 1423 17024
1788 17024 1443
1791 16775 16790
1795 1452 16790
1798 16785 16784
1803 16790 1459
1804 1459 1429
1805 1460 1440
1806 1461 16785
1807 1462 17929
1809 16700 16711
1810 1459 16800
1811 1466 1452
1812 1461 1466
1813 1466 16791
1814 16791 1452
1815 16997 1468
1816 17028 1440
1817 17028 1460
1818 1470 16791
1821 1473 1470
1822 17023 1433
1823 1475 1460
1826 1477 1429
1827 1459 1477
1828 16986 1477
1830 1462 17930
1833 16806 1477
1834 1433 1484
1835 16801 1459
1836 1486 16791
1837 1487 1468
1838 16711 1488
1839 1488 16713
1840 16801 1486
1843 1491 1473
1844 1492 1473
1845 1493 17930
1846 1494 16973
1847 1494 16987
1848 1496 1477
1849 1496 1494
1850 1497 16806
1851 1497 16801
1852 17976 1493
1853 1488 1499
1854 1499 16786
1855 1461 16786
1856 1501 1496
1858 1503 17921
1859 1503 1502
1860 1505 1503
1861 17029 17028
1862 17029 1475
1863 1507 17927
1864 16802 1491
1865 16801 16802
1866 1509 16786
1867 1507 17931
1870 17032 1475
1871 1502 17032
1873 1514 17930
1874 1514 1507
1875 16806 16808
1876 1501 16808
1878 16987 16988
1879 16708 16709
1880 16804 1497
1881 1520 17976
1882 1482 1520
1883 1521 16714
1885 1509 16715
1886 1525 1509
1887 1526 16804
1888 1526 16808
1889 1527 1525
1890 1527 16715
1891 1528 1505
1892 16715 1529
1893 1529 16788
1894 17927 1530
1895 1531 1525
1896 17932 1514
1897 860 1492
1898 1521 16709
1899 16716 1527
1900 1531 16716
1901 1534 1531
1902 1535 1505
1903 1530 1535
1904 16802 16793
1905 17928 1535
1906 17928 1538
1907 1539 16802
1908 16793 1540
1909 1541 17032
1910 16793 1542
1913 1542 1539
1914 1542 16804
1915 860 1547
1916 1540 1547
1917 17030 17029
1918 16709 16710
1919 1534 16710
1920 16803 1542
1921 16988 16996
1922 1487 16996
1923 16807 16805
1924 17991 17989
1925 1484 1555
1926 17032 17923
1927 1557 1528
1928 1557 1535
1929 17934 17928
1930 17931 17934
1931 16717 16710
1932 1529 16794
1933 1561 16807
1934 16797 16796
1935 1547 16797
1937 17937 17932
1938 17033 17030
1939 1568 17934
1940 175 1531
1941 17936 17934
1942 16717 175
1943 16717 1570
1944 17933 1568
1945 1572 1564
1946 1573 16794
1947 17991 1574
1948 167 17933
1949 162 17030
1951 1575 1572
1952 168 17936
1953 1520 1577
1954 1578 17989
1955 1579 168
1956 1580 17937
1957 1581 1582
1958 1578 1583
1959 17991 1583
1961 1586 1581
1962 1583 1587
1963 17026 162
1964 16797 1588
1965 1574 1589
1966 16382 1584
1967 16382 1575
1968 1591 16989
1969 1482 1593
1970 179 1580
1971 1577 179
1972 16996 1582
1973 17924 1557
1974 16993 1501
1975 16993 16992
1976 1596 1579
1977 1596 179
1979 1597 1582
1980 1597 1586
1981 163 17033
1982 163 1541
1983 1593 1598
1984 165 1593
1985 165 1598
1986 1598 1578
1987 1577 17978
1989 1602 1593
1990 16803 1603
1993 16794 1606
1994 1588 1603
1995 1607 1577
1996 1607 1602
1997 1608 1609
1998 1608 16382
2000 1612 1610
2001 1608 1612
2004 1615 1607
2005 1616 161
2006 1617 173
2007 173 1618
2008 177 1617
2009 1607 1619
2010 1619 1607
2011 180 1620
2012 1620 166
2013 17980 1619
2014 17980 1602
2015 1622 16993
2016 17978 178
2017 1623 1616
2018 1623 17037
2019 1620 17935
2020 16707 1570
2021 1627 17986
2022 17034 1623
2023 1629 173
2024 1630 1629
2025 1630 1620
2026 1603 16809
2027 17935 1632
2028 1608 16704
2029 17981 178
2030 17981 1615
2031 1627 1635
2032 1598 1635
2033 17923 17925
2034 1632 1637
2035 1637 17935
2036 1637 1630
2037 1638 169
2038 17925 1638
2039 17979 1619
2040 17981 22171
2041 1596 1641
2042 1635 17990
2043 22171 1641
2044 1643 17981
2045 17979 1643
2046 1641 1632
2047 16795 16720
2048 17037 17925
2049 1622 1645
2050 16798 1573
2051 1647 16810
2052 1645 1649
2053 1597 1649
2054 16798 1647
2055 17986 1650
2056 1650 1627
2057 1555 16998
2058 1652 1641
2059 1653 1619
2060 1653 17980
2061 1654 1643
2062 16990 1561
2063 16810 16990
2064 16989 16990
2065 1656 177
2066 1657 1650
2067 16994 1622
2068 172 1659
2069 16991 16994
2070 16990 1661
2071 1662 1654
2072 1619 1662
2073 17938 1652
2074 16704 1664
2075 17038 17037
2076 1661 16991
2077 1649 1666
2078 16998 1666
2079 17983 1662
2080 17983 1653
2081 1668 1637
2082 1668 17938
2083 1669 1654
2084 1662 1669
2085 1670 1668
2086 1671 22171
2087 1672 17034
2088 1673 17983
2089 1673 1653
2090 1664 16705
2091 1675 22171
2092 1669 1675
2093 1676 1657
2094 1666 1677
2095 1677 1659
2096 1671 1675
2097 1678 162
2098 1678 1672
2099 1679 1638
2100 1670 1680
2101 17939 1671
2102 1635 1682
2103 16705 1683
2104 1684 1669
2105 17984 17983
2106 1686 1676
2107 1686 1673
2108 17982 1675
2109 17982 17939
2110 16812 16810
2111 1659 1689
2112 1689 1678
2113 16812 16990
2114 1683 16706
2115 16706 16707
2116 16720 1691
2117 1692 16795
2118 1691 1693
2119 1694 17038
2120 16706 1695
2121 1693 16721
2122 1697 1670
2123 16721 1698
2124 1695 16718
2125 1656 1700
2126 16718 1701
2127 1702 17982
2128 17036 1623
2130 1706 17940
2131 1706 17939
2132 1682 1708
2133 1709 1679
2134 16995 1645
2135 1709 1694
2136 1708 1711
2137 1702 17985
2138 17985 1684
2139 1689 17027
2140 1678 17027
2141 16799 16798
2142 1701 1715
2143 1700 1716
2144 17941 1706
2145 17941 1702
2146 17027 17035
2147 1711 1719
2148 1720 17036
2149 17035 1721
2150 17036 1721
2151 1722 1686
2152 1721 1720
2153 1682 1723
2155 1715 1724
2156 1725 16705
2157 1723 1705
2158 1709 1726
2159 1716 1726
2160 1724 17093
2161 1728 1729
2162 17081 1725
2163 1729 1731
2164 17093 1732
2165 1731 1716
2166 1733 1697
2167 1733 1728
2168 1715 17084
2169 1735 1722
2170 17209 1661
2171 17138 16812
2172 1735 1738
2173 17209 16995
2174 1723 1739
2175 1738 1735
2176 17083 1725
2177 17136 17138
2178 1742 16799
2179 16706 17083
2180 1742 17124
2181 17124 17138
2182 1720 1744
2183 1726 1745
2184 17994 1745
2185 1698 1747
2186 1748 1745
2187 1726 1748
2189 17092 1732
2190 1721 1751
2191 1732 17097
2192 1747 17097
2193 1744 1753
2194 1753 1745
2195 17097 1754
2196 1747 1754
2197 17282 1720
2198 17282 1744
2200 1757 1742
2201 1666 17221
2202 1751 17276
2203 1751 17282
2206 1763 1692
2207 1763 1757
2208 1754 1764
2209 1765 1763
2210 1764 1765
2212 17985 18035
2214 17121 1765
2215 1770 1748
2216 1733 1770
2217 1748 1770
2218 17085 17092
2219 1772 1754
2220 1772 1764
2222 17092 17095
2223 17083 1775
2226 1777 1772
2227 1765 1777
2228 1778 1779
2229 1777 1778
2230 1779 1777
2234 1748 17995
2236 1784 1777
2237 17210 17209
2238 1775 17085
2239 17140 17210
2240 1787 17124
2241 17210 17218
2242 17082 1775
2244 18036 1770
2245 17941 18036
2246 18036 18035
2247 1792 17282
2248 1753 1792
2249 17218 1793
2250 17221 1793
2251 17137 17140
2252 1770 1795
2253 1795 1796
2255 17122 1765
2256 17122 17125
2257 17995 17996
2258 1796 17996
2259 1801 17082
2260 1801 17087
2261 1787 1803
2263 1793 17220
2264 1806 17137
2265 1792 1807
2268 1809 17122
2269 1810 17087
2270 17095 1810
2271 1778 1810
2273 17125 17127
2274 1813 1810
2275 17096 1810
2278 1815 17096
2280 17086 1801
2284 17220 1819
2285 1820 1815
2286 1803 1821
2287 1822 17276
2288 1823 1820
2289 1824 1823
2290 1825 1784
2291 1826 1824
2297 1837 1826
2298 1838 1837
2299 1839 1838
2300 18035 1840
2301 1840 18037
2304 1822 17281
2305 1844 1839
2306 1845 1844
2309 1847 1845
2310 1848 1809
2311 1848 17127
2312 1849 1778
2313 1850 1847
2314 1851 1850
2315 1852 1851
2316 1853 17281
2317 1807 1853
2319 17088 17086
2320 1857 1852
2321 1858 1857
2322 1859 1858
2323 1860 1859
2324 1861 1860
2325 1862 1861
2326 1863 1862
2327 17211 1819
2328 1865 1825
2329 1865 1809
2330 17130 1865
2331 1867 1863
2332 1868 1867
2333 1869 1868
2334 1870 1869
2335 1871 1870
2336 1872 1813
2337 1873 1871
2338 1874 1873
2339 1875 1806
2340 1876 1874
2341 1877 1876
2342 1878 1813
2343 17139 1875
2344 1878 1872
2345 1880 1877
2346 1881 1880
2347 1882 1872
2348 17212 17211
2349 17142 1821
2350 1875 17142
2351 17210 1885
2352 17212 1885
2353 1886 1881
2354 1887 1848
2355 1885 17139
2356 17102 1849
2357 1889 1878
2358 17102 1889
2359 1890 1849
2360 1865 1890
2361 17098 1886
2362 1892 17098
2363 17090 1892
2364 1894 17089
2365 17089 17088
2366 18001 18036
2367 1897 1822
2368 17277 1897
2369 1882 1899
2370 1899 1892
2371 17089 17090
2373 1902 1887
2374 17996 1903
2375 1903 1795
2376 1902 17133
2377 1905 1819
2378 1906 1882
2379 17998 1903
2381 1910 17220
2382 1865 17131
2383 17131 1887
2384 17090 1912
2385 1910 17226
2386 1890 17131
2391 17285 17996
2393 1905 1910
2396 1919 1792
2397 17285 1919
2398 1919 1920
2399 1921 1919
2400 1922 1902
2401 17142 1922
2402 17226 1897
2403 1923 18001
2404 17099 1912
2405 17099 1899
2406 17281 17283
2407 1853 17283
2408 17129 17131
2409 1927 1928
2410 17214 17212
2411 17141 1922
2412 1931 1906
2413 17103 1933
2414 1934 17103
2415 1933 1889
2416 17215 1905
2417 17100 1931
2418 1937 17214
2419 1937 17215
2420 17283 1938
2421 1931 17099
2422 17129 17128
2425 1937 1941
2426 1942 1938
2427 1920 1942
2428 17131 1943
2429 1933 1927
2431 1934 17128
2432 1941 1945
2433 1946 17141
2435 17284 1942
2436 17278 1897
2438 17142 17146
2439 1952 1938
2442 17143 17141
2443 1955 1885
2444 1956 17284
2445 17128 17132
2446 1958 17132
2447 17998 1959
2448 17146 1955
2450 17101 1931
2451 1955 17213
2452 1963 1959
2453 1943 17134
2454 17134 1958
2455 1965 1946
2456 17146 1965
2458 1928 17101
2459 1945 1966
2460 1967 1963
2461 1967 1921
2468 18000 17998
2469 1946 17144
2470 17223 1910
2471 17223 17224
2472 17103 1977
2473 17213 1978
2474 1978 1937
2475 17997 1967
2476 1980 18000
2477 1980 1923
2478 1981 17278
2479 1981 17279
2480 1983 1956
2482 17283 1985
2483 17280 1952
2484 1985 17280
2486 1912 1988
2487 17134 17135
2488 17104 1933
2489 1977 17104
2490 1991 17101
2491 17104 1992
2492 1978 1993
2493 1966 1994
2495 1996 1981
2496 17135 17143
2499 17135 1998
2500 1999 17091
2501 1959 17999
2502 18000 17999
2504 17227 1996
2505 17255 17223
2506 2005 17135
2507 17144 17145
2508 17145 2007
2509 2007 2005
2510 1980 2008
2511 2008 18022
2512 2010 18022
2513 1988 2011
2514 2012 1978
2515 2013 2011
2519 2018 2013
2520 1993 17232
2521 2020 1983
2522 2021 2018
2523 2022 2021
2530 2035 2022
2531 2036 1955
2532 2037 2035
2535 1985 2039
2536 2040 2037
2537 17254 17255
2541 2048 17091
2542 2049 1965
2543 2036 2049
2544 2050 2040
2546 2048 2011
2547 2052 2036
2548 2052 2012
2549 2053 2050
2551 2055 2053
2552 2056 2055
2553 2056 17108
2554 2058 2056
2555 17111 1991
2556 17111 2048
2557 1998 2060
2558 17228 2049
2564 17228 2036
2566 17228 2052
2567 1992 2073
2568 2073 17104
2569 2074 2007
2570 2075 17216
2571 17254 2077
2572 2077 2078
2573 2075 2077
2574 2079 2074
2575 2079 17228
2576 2080 2079
2579 17151 2060
2580 17151 2005
2581 2084 2020
2582 2085 17255
2583 2078 2085
2584 2073 2086
2585 2087 2079
2586 2088 2073
2587 2086 2088
2588 17298 2090
2589 2091 2080
2590 17298 2092
2591 2092 2084
2592 2086 17147
2593 17147 2094
2597 17232 17233
2598 1994 17233
2599 2098 2087
2600 2098 2099
2601 2092 17997
2602 17233 2075
2604 17114 17111
2605 2088 17114
2606 2102 2098
2607 2102 2099
2608 2091 2103
2609 2087 2103
2612 17135 2086
2613 2052 2105
2614 2105 17233
2615 17227 17260
2616 2060 2107
2618 17999 2109
2619 17253 2075
2620 2077 17253
2621 17150 2107
2622 2103 2112
2623 2112 2102
2624 2085 2113
2626 2105 2112
2627 17260 2113
2629 17286 17260
2638 17253 2125
2642 17161 2091
2643 2039 2131
2645 2113 2133
2648 2125 2136
2651 2085 17259
2652 2133 17259
2655 17233 17234
2656 2136 17234
2657 2103 17162
2658 2125 2144
2665 17297 17298
2666 18018 18022
2667 17229 17162
2668 2131 2153
2670 2155 17286
2671 17297 2155
2672 2156 17997
2673 2156 1963
2676 17287 2155
2677 2109 2159
2678 2160 2155
2679 17115 17114
2680 18018 2162
2681 2163 17161
2682 17101 1999
2684 2159 2162
2685 2165 17229
2686 2165 2112
2687 2166 2088
2689 2166 17148
2693 17115 2166
2699 2159 18017
2703 2178 2179
2704 17110 17114
2705 2178 2156
2706 17162 2181
2707 2133 2182
2708 17159 17151
2709 17159 2163
2718 17234 17252
2719 2144 17252
2720 17235 17234
2721 18002 2178
2723 17299 17297
2724 17299 2092
2725 2179 17299
2730 2199 18002
2733 17259 17256
2736 2203 2199
2737 18003 2203
2738 2205 17148
2739 2205 17150
2740 2206 2165
2743 2209 18003
2750 2216 17235
2751 2216 2206
2752 2107 17153
2753 17230 2216
2755 2220 17153
2756 17159 2220
2759 2223 2205
2761 18006 2209
2762 2226 17110
2765 17116 2226
2766 17116 17115
2767 18007 18017
2768 2223 17149
2769 17149 2232
2772 2234 2220
2773 18007 18006
2774 2206 2235
2777 2237 17252
2778 2238 2232
2779 2239 2203
2780 17153 2238
2781 2182 17262
2782 17263 2242
2783 17164 17229
2784 2235 17164
2785 2162 18019
2789 2248 17159
2791 18006 18004
2793 17160 2252
2794 17149 2253
2795 2181 2254
2796 2255 18017
2797 18019 2255
2800 17160 2234
2801 17117 2223
2802 2252 2254
2807 2226 17113
2809 17297 17296
2812 17288 17263
2813 17287 17288
2816 17290 2160
2819 2273 17116
2820 2273 17117
2821 17110 17112
2822 17112 17113
2823 17256 17261
2826 2254 2276
2827 17257 17252
2828 2278 17257
2829 2279 17290
2831 2281 2232
2832 2281 2238
2833 2281 2238
2836 17164 2284
2842 18008 2255
2846 2293 18019
2849 2216 2295
2850 18008 18007
2856 17237 17257
2857 17237 2237
2858 2302 2278
2859 17261 2302
2862 2276 17163
2863 17164 17163
2866 17262 195
2871 2309 2310
2872 2309 2253
2874 2309 2281
2878 2315 2239
2882 2315 18005
2883 17165 17164
2884 2284 17165
2885 2319 2309
2895 2326 2319
2896 2326 2281
2897 17288 17289
2898 17152 2281
2904 17165 17163
2906 2295 17236
2907 17236 17237
2908 18020 18008
2909 18020 2293
2911 2336 2302
2914 2338 17289
2916 2336 2340
2921 17270 2340
2925 2345 2338
2926 17296 17300
2928 2348 2349
2929 2348 2279
2930 2350 2326
2931 17258 2336
2932 2340 17258
2940 2356 17163
2942 17165 193
2943 17289 189
2944 2358 2345
2945 2349 2358
2946 17236 187
2955 2365 18014
2956 2365 18008
2957 196 2367
2960 2367 17270
2963 194 17238
2964 17231 17238
2965 17266 17258
2971 2377 2350
2974 190 17271
2975 17271 189
2976 17309 2179
2981 2385 2350
2982 2377 2385
2987 2356 17172
2991 2391 2385
2992 2358 2392
2997 17118 2273
3005 2356 2403
3006 2404 2326
3007 2404 2391
3008 187 2405
3017 2410 17271
3019 2411 2410
3021 2392 2413
3022 2413 2348
3024 2410 192
3026 17300 17301
3035 2420 17266
3038 2422 2315
3041 17238 2424
3044 2426 2420
3049 2429 2365
3050 2420 2430
3051 17264 2432
3054 17264 2426
3055 18013 2435
3056 2429 2435
3061 2440 2422
3062 2440 18013
3064 2429 18015
3068 17304 2446
3069 2430 2447
3071 2449 17118
3075 2234 17156
3077 2447 2453
3082 2403 17167
3083 2446 2459
3084 2459 17309
3087 2432 2462
3088 2462 17264
3089 17174 17172
3090 17302 17304
3096 2424 17244
3099 17156 17152
3103 2474 2475
3104 17301 2474
3105 2474 17302
3106 2405 2476
3107 17244 2476
3111 2479 2411
3112 2422 18009
3114 17265 2462
3117 194 17239
3121 2488 17265
3122 17310 2459
3123 18015 18027
3124 18027 18020
3126 18027 2492
3127 18009 2493
3128 2493 2239
3129 2476 2494
3131 17272 2479
3133 2498 2499
3134 2499 17167
3135 2500 17246
3136 2500 2488
3138 2494 2500
3139 2503 2404
3140 17168 2499
3141 17154 2377
3146 17239 17240
3147 22485 2449
3148 2509 2494
3149 2510 2488
3153 17310 17311
3154 2493 17311
3156 2500 2515
3157 2516 2510
3158 2449 17119
3159 17119 2404
3160 17119 2503
3167 17173 17167
3174 2528 2440
3175 2435 2528
3177 2509 2529
3180 2453 2532
3181 17155 17154
3182 17155 17152
3183 2534 2498
3186 2515 2536
3187 2536 2516
3188 2529 2537
3189 2515 2537
3190 17166 17156
3191 17166 2534
3192 2539 17156
3194 2537 2536
3195 2541 17174
3196 17154 2503
3197 17155 2539
3198 17303 2474
3199 2543 17272
3201 2536 2545
3202 2543 2532
3203 2546 17311
3204 2547 2548
3205 2548 17119
3207 2550 2413
3208 2550 2475
3211 2548 17119
3212 17245 2509
3213 2553 2543
3217 17168 17169
3221 2559 17245
3222 2559 17247
3223 17240 2559
3224 2358 2561
3225 2561 2550
3228 2563 2474
3236 2563 17307
3237 17274 2532
3247 17177 2541
3248 17177 17165
3249 2553 17291
3250 17166 17158
3251 17158 17156
3252 2528 2579
3253 2539 17158
3254 2546 2579
3257 2581 2579
3259 2583 17291
3260 18010 2546
3264 17291 2587
3265 17177 2588
3266 2588 17241
3267 18011 2581
3268 2591 18011
3270 2587 2593
3271 2553 2593
3274 2596 17239
3275 2583 2587
3276 2593 2597
3277 17241 2596
3278 18011 2598
3279 2599 17293
3282 2602 17274
3283 2598 2603
3285 17175 17168
3286 2606 2561
3287 2606 2599
3288 2607 17303
3292 2597 2606
3295 2596 17247
3297 2612 17175
3298 17119 2613
3299 17292 2597
3300 2612 17177
3301 17292 2593
3302 2599 17294
3303 2607 2616
3304 2616 17303
3308 2620 18010
3315 2620 17313
3316 2616 2627
3321 17170 17175
3324 17295 2607
3325 17294 17295
3328 2634 2545
3334 2639 2563
3335 2627 2639
3336 17268 2602
3338 2613 2642
3339 2588 2643
3342 2645 17247
3343 2646 2634
3344 17268 2646
3347 17158 2648
3348 2602 17273
3349 2650 2612
3362 2646 2660
3372 2667 17310
3373 2639 2667
3374 2668 2645
3377 18028 18027
3379 2627 17305
3380 17178 2650
3381 17243 2588
3382 17243 2668
3383 2537 17250
3385 2677 2678
3386 2678 2583
3390 17273 2677
3391 17267 2660
3392 2545 2682
3393 2682 17267
3394 17250 2682
3398 2684 2603
3399 2685 2667
3400 2686 2606
3401 2686 2599
3402 2685 2687
3403 2688 2685
3411 2648 2695
3413 2697 17178
3414 2697 17177
3416 17308 2687
3423 2705 17292
3432 2684 2710
3435 18016 2710
3436 18016 2684
3437 18028 18016
3438 2713 2668
3439 2713 17243
3440 17249 2645
3441 17249 17250
3445 2718 17295
3446 17305 2718
3447 17269 2660
3448 17312 2688
3451 2682 2722
3458 17318 17319
3459 17319 2736
3465 2745 2746
3466 17330 2746
3535 2722 17269
3537 2861 17243
3538 2862 17312
3542 17275 17268
3543 2866 17176
3544 2868 17242
3550 2678 2874
3551 2695 17157
3552 2874 17275
3555 2603 18012
3556 17314 2862
3557 17314 2620
3562 2883 17314
3564 2710 18012
3569 2889 18028
3572 2642 17120
3573 17119 17120
3574 17179 2866
3575 17179 2697
3576 2866 17171
3583 2899 2697
3584 2899 2868
3587 2901 2899
3591 17248 2713
3594 17251 17250
3595 2687 17306
3600 2718 17377
3602 2918 2686
3606 2922 2901
3608 2922 17179
3615 2928 2883
3616 18012 2928
3617 17375 2918
3618 17375 17294
3623 2933 17314
3639 18065 2928
3642 2874 17337
3644 2950 17251
3646 2710 2952
3649 2954 2922
3652 2722 17328
3655 2952 18065
3658 17157 2959
3660 17328 2961
3663 17306 17384
3665 17337 2705
3667 2928 2965
3668 18065 2965
3669 17171 17201
3676 2745 2950
3677 17328 2745
3680 2973 2686
3681 17375 2973
3690 17201 2981
3691 17320 2950
3692 17389 17314
3693 2965 17389
3701 2992 2981
3704 2996 18016
3706 2959 2998
3707 2998 2992
3709 2952 3000
3711 2996 3000
3715 17371 2973
3717 3006 2996
3729 3013 17377
3730 17384 3013
3746 2961 3026
3748 17275 3026
3749 17337 3028
3754 17389 3032
3755 17336 3028
3756 3034 17371
3759 17330 3026
3760 17190 17193
3761 17120 17190
3764 17248 3039
3767 17318 3039
3773 3013 3045
3776 17375 3045
3779 3050 2954
3789 3057 17312
3793 3032 3061
3794 3062 17190
3796 3045 3063
3799 2965 3065
3808 17194 2981
3816 17204 3050
3820 17194 17193
3823 3039 2736
3832 2746 17329
3833 3086 3062
3834 3086 17194
3838 17389 3091
3888 2736 3133
3889 17320 3133
3928 3028 17338
3929 3034 17338
3941 3176 17194
3945 3176 3050
3957 17376 17371
3958 17376 17375
3967 2901 17315
3987 3133 17321
3988 17321 3210
3989 17321 17329
4000 17191 3086
4002 17335 17330
4003 17336 17335
4007 3045 3225
4027 3241 3176
4038 3248 17315
4039 3248 17319
4048 17373 3034
4049 17376 17373
4072 17338 3273
4075 17192 17190
4076 17192 17191
4084 17372 17335
4085 3273 17372
4087 17196 3241
4088 17333 3287
4089 3287 17335
4113 3287 17334
4123 17317 17315
4124 17317 3248
4154 17196 17195
4162 17316 17315
4175 17196 17202
4191 3241 3365
4199 3369 17317
4206 3374 17321
4207 17329 3374
4208 17204 17205
4209 17316 17205
4227 3384 17205
4229 17331 3374
4230 3287 17331
4232 3388 17331
4243 3384 3400
4248 17372 3405
4256 3405 17373
4276 3405 3431
4282 17202 17203
4300 3400 17203
4322 17332 3388
4332 17322 3369
4345 3475 17331
4360 17324 17321
4366 17324 17332
4375 3498 17322
4376 3498 17324
4385 17203 3505
4444 3498 17323
4459 17323 3561
4460 17324 3561
5108 3061 3057
5868 1618 1656
5869 1617 1618
6326 17193 2998
6327 2868 2861
6472 2153 2155
7277 1534 1521
9599 16809 16810
9600 16807 1526
19595 16787 15177
19596 16792 16787
19597 15179 16792
19602 15186 1568
19680 15275 15276
19683 15280 1754
19684 17097 15275
19688 15289 15290
19689 15276 15291
19690 15276 17090
19691 15291 15292
19696 2048 15300
19697 2011 15290
19700 2248 17167
19701 2499 15309
19705 15315 3050
20524 17283 16190
20526 16987 16194
29647603 15177 16788
