NbNode NbEdge POD
850 1069 86
18701
18795
18802
18803
18806
18807
18847
18848
18849
18852
18853
18855
18857
18858
18859
18860
18861
18862
18864
18865
18868
18869
18870
18871
18872
18873
18874
18875
18876
18877
18926
18927
18929
18930
18931
18932
18933
18934
18935
18936
18937
18938
18939
18940
18941
18942
18943
18944
18945
18946
18947
18948
18949
18954
18974
18975
18978
18979
18980
18981
18982
18987
18988
18989
18992
19228
19357
19358
19359
19360
19361
19362
19366
19364
19365
19370
19371
19373
19377
22544
22556
22582
22592
22595
22600
22602
3357 2657 18701
3370 2665 18701
3408 2693 2657
3410 2694 2693
3431 2709 2665
3442 2715 2694
3452 2723 2724
3453 2725 2726
3456 2730 2731
3457 2732 2733
3461 2731 2739
3462 2740 2741
3467 18926 2749
3471 2754 2755
3473 2724 2757
3474 2757 2758
3475 2759 2754
3490 2781 2782
3491 2783 2784
3497 2793 2794
3500 18807 2800
3502 2802 2803
3503 2804 18858
3504 18858 2806
3505 2807 2808
3506 18932 2810
3507 2782 2810
3509 2813 18807
3511 2816 2817
3512 2816 18858
3513 2818 2819
3514 2820 2821
3516 2824 2825
3518 2828 2829
3522 2835 2836
3524 2839 2840
3525 2841 2842
3526 2843 2844
3530 18948 2852
3532 2855 2856
3533 2857 2856
3629 2937 2938
3636 2944 2937
3640 2947 2715
3641 2938 2947
3643 2949 2944
3645 2951 2949
3666 2964 2951
3678 2970 2971
3679 2972 2970
3682 2971 2974
3686 2974 2978
3687 2978 2964
3703 2994 2995
3742 3016 3023
3747 3023 3027
3768 3027 3041
3772 3044 2749
3778 2749 3049
3780 3048 3051
3792 3060 3049
3795 3051 2730
3802 2755 3067
3804 3069 3060
3805 3069 3070
3807 2732 3071
3811 3075 3044
3817 3067 2740
3818 3070 3079
3819 3079 2723
3821 3071 3080
3822 3080 3044
3824 2758 2759
3836 3089 3069
3837 2733 3090
3840 3093 2726
3841 3094 3071
3842 2739 2972
3843 3095 2725
3844 3096 3097
3845 3098 2758
3853 3105 3075
3854 3105 18926
3855 3106 3094
3857 3108 3089
3860 3109 3106
3861 3110 3060
3863 3096 3112
3865 3075 3109
3866 3110 3114
3870 3117 2741
3871 3117 18942
3872 3105 3110
3873 3119 3097
3874 22582 3121
3877 3123 22582
3878 3124 2724
3879 3124 3125
3882 3112 3128
3884 3115 3129
3885 3123 3129
3887 3131 3132
3890 3129 3134
3896 3140 3131
3897 3117 18943
3898 3142 3098
3899 3143 3144
3900 3145 3143
3901 3143 18868
3902 3147 3143
3903 3192 3149
3904 18847 3119
3906 3151 3140
3907 3142 3152
3908 3153 3151
3910 3134 3154
3911 3143 3155
3912 3128 3156
3914 3158 3147
3915 3159 3143
3916 3125 3142
3917 3152 18938
3918 3161 3192
3920 18847 3161
3922 3163 3153
3923 3147 18869
3924 3165 3163
3931 18938 3169
3932 3170 18847
3933 3132 3170
3937 3114 3173
3938 3173 3108
3939 3174 3093
3940 3175 3165
3951 3182 3169
3952 3183 3117
3953 3169 18939
3954 3185 3158
3955 3106 3185
3960 3189 3175
3961 3183 3190
3962 3173 3124
3964 22339 22341
3966 3170 22339
3973 22339 3161
3975 3163 3199
3980 3203 3105
3985 18939 3207
3991 3212 3182
3996 18941 3183
3997 3217 3189
3998 3185 3218
3999 3207 18941
4006 3224 3125
4009 3226 3217
4011 3228 3217
4016 3190 3232
4017 3232 3233
4019 3154 3235
4020 3236 3228
4023 3235 3236
4024 3182 3239
4025 3239 3207
4026 3240 3212
4030 22166 3235
4032 3240 3245
4033 3245 3212
4034 3245 3239
4035 3226 3246
4036 3228 3246
4037 18865 3226
4040 22164 3236
4041 22166 22164
4042 3250 3251
4043 3251 3224
4046 3199 3253
4050 3170 3256
4051 3199 3256
4052 3257 3246
4053 22164 3257
4054 3251 3258
4055 3258 3240
4056 3259 18865
4057 3246 3259
4064 3218 3267
4068 3270 3245
4073 3259 3274
4080 3233 3280
4082 3267 3281
4083 3282 3281
4090 3288 18941
4093 3256 3291
4094 3253 3292
4095 3274 3293
4099 3293 18862
4101 18862 18861
4106 3292 18861
4109 3304 3291
4111 18862 21870
4117 3310 3203
4118 18927 3282
4119 3310 18927
4132 18941 3321
4135 3280 3324
4137 3325 3280
4140 3239 3328
4141 3328 3288
4143 3330 3293
4150 3304 18849
4151 18927 3335
4152 3335 3310
4159 18853 3330
4160 3343 3310
4170 3350 3325
4171 3351 3335
4172 3343 3351
4178 3356 18853
4181 18802 2739
4182 18802 3174
4184 3360 3270
4185 3360 3328
4189 18929 3343
4190 3321 3364
4194 3364 3350
4200 18930 3250
4201 3371 3360
4216 18930 18929
4228 22342 3368
4231 3387 3330
4235 3390 3391
4238 3395 18929
4239 3396 3390
4270 3426 3396
4272 3391 3428
4274 3282 3429
4275 3429 18870
4277 3351 3432
4292 3441 3442
4295 18870 3445
4305 3452 3441
4306 3412 3452
4308 3432 3453
4309 3453 3395
4310 18940 3371
4339 3473 3426
4340 3428 3473
4344 3474 3473
4354 3474 18848
4355 3442 3483
4371 3495 18930
4372 18940 3495
4387 22159 22161
4388 3364 3507
4389 3508 3412
4392 3483 3510
4396 3513 3485
4417 18848 3526
4420 3529 3530
4421 3453 3531
4427 3537 3474
4429 3531 3529
4432 3417 3539
4436 3507 3542
4443 3485 3548
4448 3553 3539
4449 18852 3545
4450 3537 3555
4451 3556 3553
4452 3485 21872
4458 3506 18931
4461 3562 3537
4463 3564 3530
4464 3495 3564
4465 3565 18931
4467 3567 18852
4468 3555 3568
4469 3542 18947
4470 3570 3556
4475 3574 3570
4476 3548 3575
4482 3575 3580
4496 3592 3565
4497 3531 3592
4498 3593 3548
4499 3575 3593
4501 3568 18857
4502 18857 3545
4503 3596 18931
4507 3526 3599
4519 3580 18874
4520 3552 18874
4529 3593 18874
4532 22347 3593
4534 3599 3618
4544 3624 3567
4545 3615 18795
4558 3636 3624
4564 18947 3640
4569 18944 3495
4570 18941 18944
4571 3618 3646
4573 3648 3636
4575 3649 3648
4576 3624 2804
4577 3646 3639
4580 3651 18857
4581 18855 3562
4585 3564 3656
4589 18795 2802
4592 3661 18944
4595 3640 3661
4596 3592 18934
4597 3664 3596
4601 3667 3613
4602 3667 18803
4605 2802 3667
4606 3671 3636
4607 3672 18855
4613 3676 3646
4614 3676 18855
4617 18871 3678
4620 2794 18944
4621 3677 3681
4624 3667 3677
4627 3681 3687
4628 18795 3688
4631 3664 3690
4632 3691 3678
4636 18871 3695
4637 3696 3676
4638 3688 3697
4644 3700 3672
4645 3651 3700
4659 3707 3671
4660 3708 3661
4661 3687 18806
4662 2817 3651
4663 3710 3616
4664 3710 22347
4666 3695 18872
4669 3707 3691
4674 3717 18872
4675 2817 3676
4682 3710 2807
4683 3710 3721
4686 18947 3724
4687 2784 3717
4689 3690 18932
4690 3697 3725
4691 2781 3664
4692 18806 2800
4697 18858 3729
4698 2800 3730
4699 3731 2783
4701 2810 3733
4702 3734 2813
4707 3729 3707
4709 3738 2781
4710 3721 3739
4713 18874 3742
4715 3733 3742
4717 3745 3731
4718 3746 3642
4721 3750 3751
4725 3757 3758
4727 3760 3761
4731 3766 3767
4732 3758 22063
4736 3773 3774
4742 3761 3778
4743 3779 3780
4744 3781 2816
4747 18872 3783
4748 3767 3784
4755 3788 3708
4756 3789 3788
4763 3797 3798
4767 3802 3803
4768 3804 3746
4770 3803 3734
4771 3746 3803
4773 3725 3807
4779 2808 3766
4780 3742 3766
4781 3742 3766
4785 3814 3745
4786 3739 3814
4787 18934 3760
4788 2816 3750
4794 3823 3696
4798 3724 19357
4799 3804 3773
4800 3646 3773
4804 2793 3830
4808 2803 3757
4811 3798 3696
4817 3789 3661
4818 19357 3789
4824 18944 3780
4825 3830 3780
4827 3823 3836
4835 3730 3840
4839 3840 3843
4840 3844 3797
4841 3751 3844
4844 3783 3781
4845 3847 3738
4850 3784 3783
4851 19357 3851
4855 3774 3854
4858 3761 18935
4860 3858 3797
4861 3854 3859
4862 3836 3859
4863 3860 3859
4864 3860 3858
4865 3783 3861
4874 3843 3868
4879 3868 3871
4882 3851 3874
4898 18935 3886
4900 3888 3667
4903 3758 3888
4908 3788 3894
4912 3886 3897
4915 3861 3900
4919 3751 2818
4924 3906 3781
4925 3861 3906
4930 3909 3766
4935 3886 3911
4936 3911 3912
4942 3911 3916
4945 3767 18877
4946 18877 3909
4949 3897 3847
4950 18859 3844
4951 18859 3921
4954 3894 2820
4961 3738 2824
4962 3847 2824
4964 2828 3906
4966 3802 3927
4967 3927 3860
4972 3897 3931
4979 3937 3938
4982 3940 3802
4986 3942 3789
4989 3851 3942
4994 3900 3949
4997 3916 2835
4999 3952 18859
5000 2819 3952
5003 2836 3954
5004 3780 3954
5005 3954 3937
5011 3949 3959
5013 3874 19359
5025 2829 18860
5026 3974 3942
5027 3974 19359
5028 3975 2819
5029 3975 18860
5031 2836 18945
5034 3974 3980
5037 18873 3959
5038 3931 3983
5039 18945 3931
5047 3990 18859
5051 3983 3993
5052 3994 19359
5053 18933 3909
5057 3999 2828
5058 3999 18873
5061 2825 18933
5065 2825 4005
5066 4006 4005
5067 3959 4007
5074 2855 4006
5075 18877 4013
5076 4007 4014
5077 4014 3999
5087 4023 4007
5088 4013 4023
5090 4014 18875
5094 3993 2857
5095 4028 18945
5096 3954 4028
5103 2840 3994
5104 2840 19360
5106 4034 3990
5111 4039 4040
5113 4042 19360
5114 4040 4042
5115 3980 2842
5117 4044 4034
5120 2842 19358
5122 4049 3975
5123 19360 4050
5130 4034 4053
5133 4053 4049
5135 2844 19358
5140 2821 18948
5144 4064 19358
5146 3938 4065
5147 4065 18948
5151 4049 4067
5152 2841 3974
5153 2841 2839
5155 4069 4064
5158 4071 3993
5159 4028 4071
5160 4071 18937
5163 4071 4075
5164 4076 4028
5165 18936 4078
5166 2856 18936
5171 4014 21873
5172 4023 18876
5178 4085 4069
5181 4005 4087
5183 2852 4089
5184 4089 4085
5188 4087 4091
5190 18946 4076
5195 4078 4091
5197 4099 4065
5205 4105 2841
5206 4106 4099
5209 4050 4108
5210 4109 4087
5211 4067 4110
5212 4111 4106
5214 4110 4113
5219 4118 18946
5220 4119 4113
5221 18876 4119
5222 4120 4039
5226 4113 4123
5227 4124 4085
5228 4075 4125
5229 4028 4125
5230 4126 4076
5232 4127 4128
5233 4128 4111
5235 18937 4130
5238 4126 4133
5239 18975 4127
5240 4105 4135
5244 18975 4139
5245 18949 4013
5247 4139 4126
5257 4139 4147
5259 4108 4149
5261 4151 2843
5262 4152 4149
5268 4135 4151
5269 18974 4118
5270 4133 18974
5272 18936 4160
5276 4160 4164
5279 4166 4152
5280 4151 4124
5283 4106 4168
5284 4124 4168
5287 4171 4105
5288 4125 4172
5289 4172 18974
5292 4175 4109
5293 4175 18949
5294 18978 4128
5305 4189 4190
5309 4196 4197
5311 4200 4201
5312 4202 4203
5314 18980 4207
5324 4207 4224
5325 4225 4226
5326 4227 4228
5337 4243 19373
5341 18987 4252
5343 4255 4256
5356 4277 4278
5357 4279 4280
5358 4281 4280
5368 4280 19377
5383 4168 18979
5385 4149 4171
5387 4172 4321
5400 4321 4331
5401 4147 4332
5405 4130 18954
5407 4338 4120
5412 4343 4120
5420 4350 18975
5421 4350 18978
5428 4164 4355
5429 4355 18954
5431 4355 4357
5435 4360 4343
5440 4321 4365
5441 4365 4332
5447 4368 4357
5449 4370 4360
5456 4374 4338
5457 4374 4375
5461 4091 22293
5462 4379 4368
5463 4125 4379
5470 22292 4385
5472 4385 4387
5473 4357 4387
5479 4331 4392
5481 4365 4394
5484 4392 4379
5485 4374 4396
5488 4387 4399
5489 4399 4379
5493 4402 4166
5500 4407 4396
5509 4416 4402
5516 4420 4168
5519 4422 4360
5520 4396 4422
5523 4399 4424
5524 4379 4424
5526 4350 4426
5531 4416 4171
5539 4424 4432
5540 4433 4426
5546 4190 4422
5547 4438 4424
5548 4439 4416
5549 4439 4370
5561 4449 4394
5588 4432 22058
5589 4331 22058
5596 4475 4439
5597 4189 4475
5604 4482 4449
5605 4482 4433
5614 4475 19370
5626 4500 4482
5628 4502 4475
5629 4203 4503
5630 4203 4502
5634 4507 4426
5642 4513 4420
5663 4526 4500
5666 4513 4507
5667 4528 4189
5674 22058 4534
5687 4534 4526
5703 4555 4502
5708 18980 4526
5709 18980 4507
5714 4555 4560
5718 4562 18980
5721 4565 4562
5724 19371 4568
5733 4573 19362
5736 4201 4576
5741 4579 4573
5742 4576 4579
5755 19371 4528
5757 4591 4565
5758 4579 4228
5759 4197 4591
5760 4592 19371
5761 18982 4565
5763 4594 4555
5769 4513 4226
5770 4226 4573
5775 4599 4197
5778 4573 4594
5779 4600 18982
5788 4605 4225
5791 4224 4605
5795 4611 4196
5796 4207 4611
5799 4614 4227
5804 4611 19361
5813 4625 4200
5814 19361 4626
5828 4626 4638
5829 4638 4614
5831 4639 4600
5837 18981 4639
5841 4200 4647
5842 4647 4648
5855 4657 4203
5863 4662 4568
5864 4663 4625
5865 4657 4663
5866 4664 4202
5875 4669 4599
5879 4648 4673
5883 4676 4669
5886 4679 4202
5894 4662 19373
5898 19373 4690
5899 4690 4662
5900 4691 4657
5902 19366 4673
5904 4648 4693
5905 4663 19366
5906 19373 4664
5915 4698 18981
5922 4703 4669
5924 4705 18981
5925 4705 4676
5951 4723 4705
5954 4693 4725
5956 4725 4626
5964 4727 4691
5965 4679 4727
5966 4255 4703
5969 4252 4722
5970 4252 4698
5973 4732 4723
5981 4256 4725
5984 4737 4690
5991 4743 18987
5992 4743 4732
5994 4745 4256
6003 4753 4243
6010 4759 4727
6011 4759 4679
6020 4768 4255
6034 4780 4745
6035 4780 19366
6040 18988 4705
6041 18988 4768
6061 4801 4743
6063 4803 4753
6066 4806 4759
6069 4780 4809
6072 4812 18988
6074 4803 4814
6079 4814 4818
6080 4809 4819
6085 4803 4823
6091 4828 4812
6095 4818 4831
6096 4831 4737
6099 4819 4834
6122 4852 4801
6126 4834 4856
6142 4852 4872
6150 4727 4877
6155 4856 4880
6156 4877 4806
6164 4887 4812
6165 4780 4887
6186 4904 4828
6192 4880 4908
6202 4908 4915
6203 4915 4877
6205 4917 4806
6220 4930 4872
6221 4930 4904
6230 18989 4852
6234 4940 4930
6235 4887 4940
6237 4940 4941
6250 19364 4940
6260 4941 4955
6262 4957 4908
6273 4955 4965
6279 4970 18989
6285 4965 4970
6297 4965 4978
6308 4970 4987
6313 4978 4991
6318 4995 19365
6319 4995 4887
6320 4995 4957
6324 4999 4940
6325 4999 5000
6328 4999 5001
6330 19365 5002
6331 19365 5003
6334 4991 5006
6335 5000 5006
6342 5002 5011
6363 5022 4987
6366 5024 19364
6373 4277 5024
6374 5011 4277
6377 5034 5022
6398 4991 5048
6399 5048 5049
6400 5050 18992
6403 5049 5034
6405 5055 18992
6406 5055 5048
6413 5006 5062
6416 5062 5050
6417 18992 4279
6437 5080 5011
6438 5055 5081
6493 5081 19228
6497 4279 5122
6500 5062 4281
6501 5124 5080
6507 5130 19228
6522 5142 5130
6528 5130 5146
6529 5122 5146
6546 19377 5157
6585 5188 5124
6597 5157 5197
6601 5157 5200
6603 5202 5188
6608 5197 5202
6619 5214 5197
6638 5146 5228
6639 5200 5228
6642 5228 5214
19737 2835 3778
19738 15371 15372
19739 15373 15371
19740 15374 15375
19741 15376 15377
19742 15378 15379
19743 15380 15381
19744 15379 15373
19745 15382 15373
19746 15379 15376
19747 15373 15376
19750 15381 15374
19751 15386 15382
19752 15372 15374
19753 15377 15372
19754 15387 15388
19755 15372 15389
19756 15390 15371
19757 15390 15382
19758 15375 15391
19759 15392 15390
19760 15392 15393
19761 15394 15393
19762 15395 15394
19763 15394 15392
19764 15396 3429
19765 15398 15399
19766 15393 15400
19767 15401 15394
19768 15401 15402
19770 15393 15405
19772 15408 15395
19773 15408 15387
19774 15399 15408
19776 15410 15408
19781 15416 15401
19782 15417 15401
19937 3778 3779
29653188 21870 18861
29653190 21872 3548
29653191 21873 18876
29653410 22160 22162
29653411 3506 18931
29653412 22159 3445
29653413 22161 3506
29653414 22162 22161
29653415 22160 22163
29653416 3445 22163
29653417 22163 3506
29653418 22162 3445
29653538 22292 22293
29653598 3192 3095
29653600 22343 22344
29653601 3368 3385
29653602 22344 3385
29653603 22343 22342
29653604 22342 22344
29653605 22346 22342
29653606 22346 22345
29653607 22345 3368
29653608 3616 3593
29653609 22347 3616
29653739 3385 22491
29653740 22491 22492
29653741 22491 22493
29653742 22493 22492
29653743 22492 3428
29653744 22494 3192
29653745 22495 3192
29653746 22495 22494
29653747 22496 22494
29653748 22497 22495
29653749 22496 22498
29653750 22499 22497
29653751 22500 22496
29653752 22498 22500
29653753 22500 22499
29653754 18849 22500
29653755 22497 22501
29653756 22498 22502
29653757 22499 22346
29653758 22503 3385
29653759 3356 22504
29653760 22504 22505
29653761 22505 22506
29653762 22507 22506
29653763 22508 22509
29653764 22508 22510
29653765 22510 22511
29653766 22507 22512
29653767 22509 22513
29653768 22514 22507
29653769 22515 22509
29653770 22509 22507
29653771 22516 22517
29653772 22512 22502
29653773 22512 22518
29653774 22519 22520
29653775 22519 22518
29653776 22519 22517
29653777 22521 22522
29653778 22521 22523
29653779 22523 22522
29653780 22524 22525
29653781 22524 22526
29653782 22526 22527
29653783 22527 22525
29653784 22528 22525
29653785 22529 22530
29653786 22529 22531
29653787 22520 22524
29653788 22517 22501
29653789 22522 22531
29653790 22502 22532
29653791 22528 22530
29653792 22532 22533
29653793 22532 22534
29653794 22525 22534
29653795 22527 22528
29653796 22534 22533
29653797 22533 22521
29653798 22524 22529
29653799 22501 22529
29653800 22518 22520
29653801 22535 22516
29653802 22513 22516
29653803 22511 22535
29653804 22535 22519
29653805 22513 22511
29653806 3356 22523
29653807 3356 22526
29653808 22531 22345
29653809 22530 22343
29653810 22536 18871
29653811 22536 3649
29653812 22537 22536
29653813 22538 22537
29653814 22539 22538
29653815 22540 22539
29653816 22541 22540
29653817 22508 22541
29653818 22541 22542
29653819 22542 22503
29653820 22544 22503
29653822 3545 22544
29653823 22545 3552
29653824 22546 22545
29653825 22547 22160
29653826 22546 22159
29653827 22547 22546
29653828 22548 22547
29653829 22548 22546
29653830 22548 3485
29653831 22548 22549
29653832 22548 22550
29653833 22556 22548
29653834 3513 22550
29653835 22549 3402
29653836 22549 22514
29653837 22550 22515
29653838 22514 3387
29653839 3412 22515
29653840 22515 22514
29653841 22550 22549
29653842 22552 22549
29653843 22552 22556
29653844 22556 22553
29653845 22554 22556
29653846 22166 22554
29653847 22554 22555
29653849 22555 22557
29653850 22557 22558
29653851 22559 22552
29653852 22558 22559
29653853 22560 22558
29653854 22560 22561
29653855 22561 3259
29653856 22555 22164
29653857 18864 22560
29653858 22562 18864
29653859 3402 22562
29653860 22563 18864
29653861 3293 22563
29653862 22554 22564
29653863 22565 3228
29653864 22566 22567
29653865 22566 22568
29653866 22568 22569
29653867 22568 22570
29653868 22571 22572
29653869 22570 22572
29653870 22571 22570
29653871 22573 22571
29653872 22573 22566
29653873 22567 22592
29653874 22575 22573
29653875 22576 22575
29653876 3030 22576
29653877 22577 22573
29653878 3217 22577
29653879 22577 15402
29653880 22575 15402
29653881 15402 3154
29653882 22578 22575
29653883 15402 22578
29653884 3134 22579
29653885 22579 22578
29653886 22578 22580
29653887 22580 22581
29653888 22581 3115
29653889 22581 22582
29653891 3041 22581
29653892 22583 2994
29653893 22583 22584
29653894 22583 3030
29653895 3030 22585
29653896 22572 22585
29653897 22585 15382
29653898 22586 22585
29653899 22583 22586
29653900 22586 22587
29653901 22587 22588
29653902 22588 22589
29653903 22589 22590
29653904 22590 15379
29653905 22590 22591
29653906 22591 15381
29653908 22592 18862
29653909 3639 22593
29653910 22593 22595
29653912 22595 22602
29653913 22595 22597
29653914 22602 3642
29653915 22602 22597
29653916 22597 22598
29653917 3473 22598
29653918 22598 3539
29653919 3535 3539
29653920 22600 3535
29653922 3677 22600
29653924 22600 22601
29653925 22602 22601
29653927 22601 3574
29653928 22603 3390
29653929 18802 22603
29653930 22603 22604
29653931 22604 22605
29653932 22605 22606
29653934 22605 22607
29653935 22607 3535
