NbNode NbEdge POD
378 478 160
21206
21207
21208
21209
21210
21223
21225
21260
21261
21263
21264
21265
21266
21272
21273
21274
21275
21276
21278
21279
21280
21281
21282
21283
21284
21285
21286
21287
21288
21289
21290
21291
21292
21296
21443
21445
21446
21460
21461
21463
21464
21465
21467
21468
21469
21470
21522
21524
21525
21532
21533
21554
21555
21558
21560
21561
21562
21563
21565
21566
21567
21569
21570
21571
21572
21573
21574
21575
21576
21577
21578
21579
21580
21581
21582
21583
21584
21585
21586
21587
21588
21590
21591
21592
21593
21594
21595
21596
21597
21598
21599
21600
21601
21602
21603
21604
21605
21606
21607
21608
21609
21610
21611
21612
21613
21614
21615
21616
21617
21618
21619
21620
21621
21622
21623
21624
21625
21626
21627
21628
21630
21631
21632
21726
21727
21729
21730
21735
21736
21737
21738
21739
21752
21753
21754
21755
21756
21757
21758
21759
21760
21761
21763
21764
21765
21766
21767
21768
21769
21770
21771
21772
21773
21774
21775
21776
21777
21778
21779
21781
2295 1833 21260
2560 2064 2065
16007 12433 21445
16008 12435 12433
16009 12436 12433
16020 12454 21880
16024 21737 21736
16025 12454 21752
16026 12462 21225
16028 21206 21208
16695 21467 12946
16709 21461 21460
16710 12958 21461
16725 12958 12970
16726 12971 12970
16729 12946 21522
16739 12970 21465
16740 21522 12986
16742 21443 21461
16764 13002 12970
16790 21465 13022
16797 21468 13022
16798 21468 12986
16841 13059 21468
16842 12986 13059
16843 21525 13059
16845 21443 13062
16871 13078 12958
16872 13078 13002
16883 13087 13078
16884 13022 13087
16890 21445 21443
16891 21223 13080
16892 13091 21555
16894 13093 21207
16896 13087 12435
16899 21558 21555
16900 21223 13093
16901 12435 21463
16912 12435 21469
16914 21735 21729
16915 13108 13059
16918 21738 21735
16919 21207 21209
16922 21524 13108
16932 21558 21560
16933 21560 21726
16936 21225 13119
16937 21470 21468
16938 21208 21209
16939 13108 21470
16943 21469 13130
16944 21470 13130
16958 13140 21738
16959 13140 13141
16964 21533 21532
16968 21726 13148
16969 13148 21727
16970 13140 21739
16976 21446 12436
16979 12436 21464
16980 13158 13140
16981 13159 21446
16982 21753 13141
16992 13148 13166
17004 21739 12454
17008 21736 13176
17009 21736 13177
17021 13183 21223
17022 13183 12462
17024 13166 21561
17026 21730 13166
17027 21730 21729
17028 13177 21730
17031 13190 13130
17032 13183 21273
17035 21763 13177
17036 21210 21209
17037 13195 21524
17042 13198 21730
17043 21755 21730
17046 13201 13195
17047 21766 21737
17048 21766 13158
17050 21275 12462
17052 13206 13201
17053 21283 21904
17054 21210 21263
17055 13209 13198
17056 13209 21763
17057 21261 21206
17058 13211 13206
17059 21595 13201
17063 21599 21533
17068 13219 21555
17074 21607 21533
17075 21554 21607
17076 21607 13219
17080 13228 21210
17081 13228 21273
17082 13229 21766
17086 13232 21599
17087 21594 13206
17091 21260 21261
17092 21280 21225
17093 21280 21283
17095 13238 21595
17096 13168 13238
17097 13239 21275
17099 13219 21611
17100 21561 21611
17101 13229 21767
17104 13244 21607
17108 21766 21781
17110 21264 21272
17111 21272 13228
17114 13238 13232
17117 21764 13209
17121 13239 13255
17122 21280 13255
17125 13257 13244
17126 13257 13232
17131 21754 21755
17132 21280 21284
17133 21767 21770
17134 13257 21606
17135 21606 13244
17136 13264 13190
17137 21594 13264
17142 13267 21286
17143 21284 13267
17144 13269 21764
17145 21757 13269
17148 21577 13264
17149 21577 21578
17154 21281 13255
17155 13276 1833
17157 13277 21754
17158 21756 13277
17159 13279 13276
17160 13279 21264
17161 21286 13280
17162 13280 13246
17163 13281 13229
17168 13284 21756
17169 13284 21757
17170 21266 13279
17171 21611 21612
17172 21274 21272
17173 13239 21274
17174 21578 13288
17175 21274 21266
17176 21563 13266
17177 21285 13267
17179 21611 21613
17180 21754 21613
17188 13297 21769
17189 13299 21595
17190 13299 21596
17191 13280 13301
17192 13301 21563
17193 13301 13302
17194 13288 13299
17196 21282 21281
17197 21266 13305
17198 13306 13284
17200 21265 13276
17201 13309 13238
17203 21768 13281
17204 21769 21768
17205 21274 21276
17209 21286 21562
17210 13302 21565
17213 13318 21577
17214 21765 13269
17217 21765 13306
17218 13321 21765
17219 21768 13321
17221 21596 13309
17223 13323 21562
17224 13323 13301
17227 21613 13326
17228 21758 13306
17229 13328 13321
17235 13328 21758
17236 12435 21574
17237 21574 13318
17238 13326 21614
17241 21598 13309
17248 21276 21287
17249 21598 13341
17250 21565 21569
17251 21569 2071
17252 13343 21768
17253 21612 21615
17257 13346 13343
17259 21287 21288
17265 21292 21285
17268 13326 21760
17269 21758 21760
17270 13341 21600
17273 13318 13359
17274 13360 21758
17278 21608 21606
17279 21615 13364
17280 13359 13365
17281 13364 13366
17282 13367 13358
17284 21608 13366
17285 21282 13369
17286 21292 13369
17287 21598 21608
17289 21566 13323
17290 21566 21292
17291 13365 21597
17292 13288 21597
17293 21600 21597
17295 13366 21609
17297 13375 13367
17306 13383 13346
17307 13383 13375
17313 21760 13387
17315 21288 21289
17316 21289 13369
17317 13390 13383
17320 13341 13392
17321 13393 21614
17323 13393 13364
17325 13390 21771
17328 13399 21274
17329 13399 21278
17332 13393 21759
17333 21759 13387
17334 13403 21771
17335 13404 13403
17336 21617 13393
17337 13406 13403
17338 13407 13360
17341 13387 13408
17348 13412 13375
17349 21609 21610
17352 21569 21570
17356 13421 13408
17357 13407 13421
17358 13421 13422
17359 13422 13406
17360 13423 13412
17361 13423 21882
17362 21772 13421
17364 21570 21575
17365 21575 21574
17367 13427 13399
17368 13427 21289
17370 13430 13423
17371 13430 13406
17373 21618 13408
17381 13438 21617
17382 13438 21618
17383 21290 13427
17384 13440 13430
17386 21772 13442
17397 21279 13427
17398 21616 13438
17401 13454 21279
17402 21597 13455
17403 13455 13392
17404 21618 13456
17405 13456 21761
17406 13457 21290
17407 13422 21774
17408 21774 13440
17411 13359 21579
17417 21773 21772
17418 21566 21567
17419 13466 21773
17421 21567 21570
17422 21567 13467
17423 21774 13468
17424 21575 21576
17425 13457 21291
17427 13468 13472
17428 13473 13466
17429 13472 13473
17431 13475 21616
17435 13473 13477
17439 21620 21608
17440 21610 21620
17441 13481 21579
17442 13472 13482
17443 13483 13475
17445 21620 13483
17446 21773 13485
17451 13477 13487
17452 13456 13488
17453 13488 13485
17463 21605 13392
17464 21605 21620
17467 13482 13498
17468 21778 13487
17470 13475 21623
17473 13504 21605
17474 13505 13504
17475 13482 13506
17483 13514 13455
17484 13514 13505
17485 13515 13481
17486 13455 13515
17487 13515 21602
17491 21602 13514
17493 13487 13521
17498 21296 13457
17500 13515 21601
17501 21296 13467
17506 13481 13531
17507 13531 13515
17509 13521 13532
17510 13532 13506
17511 21620 21621
17512 13488 21776
17513 13477 21776
17515 13532 13536
17516 21573 21570
17517 13538 21778
17518 13532 13538
17520 13532 13540
17521 13541 13506
17524 21776 13538
17526 21580 13531
17528 21776 21775
17539 13552 21625
17540 21775 13552
17545 13536 13558
17547 13558 13559
17548 13536 13559
17549 21576 13560
17550 13560 21580
17557 21776 13566
17558 21581 13560
17559 13559 13568
17564 2065 21296
17569 21573 13574
17571 21605 13576
17572 13576 21619
17573 21621 21624
17574 21623 21624
17575 13552 21624
17577 2064 21571
17583 13586 13587
17588 21604 13505
17593 21619 13595
17594 21624 13595
17596 21779 13598
17599 21601 13600
17605 13576 21604
17606 21603 13600
17607 13606 13607
17611 21582 21580
17618 13615 13616
17619 21604 21603
17620 13607 13617
17621 13617 13616
17624 21777 13606
17629 13606 13617
17630 21567 21572
17631 13625 2064
17632 13616 13626
17633 13627 21296
17637 21624 13630
17638 13630 21777
17642 13574 13633
17643 13633 13560
17650 13639 21582
17651 13600 13639
17655 13626 13641
17665 13648 13633
17670 13595 13653
17673 13641 13655
17674 13656 13617
17677 21622 21619
17678 13653 21622
17687 21583 21581
17688 13666 13600
17689 13667 21583
17690 13667 13639
17694 13671 13656
17711 13671 13684
17712 13655 13684
17713 21622 13685
17717 13630 13687
17720 21584 13667
17730 13696 13666
17736 21583 13702
17738 21585 21584
17739 13687 13704
17740 13704 13671
17744 13707 13685
17746 13709 21585
17747 13709 13696
17757 13715 13648
17758 21631 13595
17759 13574 13717
17760 13715 13717
17763 13719 13625
17765 13721 21583
17767 13704 13723
17768 13684 13723
17769 13648 13721
17772 13723 13725
17778 13728 13719
17779 21572 13728
17780 13728 13717
17781 13723 13729
17786 21587 13728
17787 13733 21631
17799 13740 13719
17800 13725 13741
17802 21590 13721
17805 13741 13744
17814 21631 21632
17815 13752 13707
17817 13685 13754
17820 13756 13709
17821 21604 13756
17822 13752 13756
17823 13725 13757
17824 13758 13741
17825 13759 13752
17826 13760 13707
17827 13754 13760
17833 13760 13759
17847 13756 21626
17849 13754 13776
17850 13760 21627
17851 13778 13733
17852 13778 13757
17861 13776 21628
17863 13759 13785
17865 13785 13787
17869 13728 21586
17877 13795 13728
17878 13776 21630
17879 21630 13653
17880 21630 21632
17881 13702 21593
17883 13799 21590
17884 13799 21593
17894 13806 21586
17980 13928 13715
17981 13928 13799
17991 13937 13795
17992 13937 21591
17996 21591 13942
17997 21592 13928
18033 21588 13937
20055 13288 13211
20056 13928 21593
20057 15803 15804
20058 21630 13778
20059 21626 21593
20060 21588 15803
20061 13626 15805
20063 13655 15807
20561 13615 13587
20562 13566 16235
20563 13558 16236
20564 16236 16237
20565 13540 13568
20566 16236 13615
20567 16237 13566
20568 13566 13607
20569 13559 13615
20570 13587 21779
20571 13568 13586
20572 13540 13541
20573 21595 13211
20575 13141 12437
29653198 21880 21752
29653200 21882 13412
