NbNode NbEdge POD
251 324 50
17522
17524
17525
17526
17527
17528
17529
17530
17531
17532
17533
17534
17535
17536
17543
17544
17545
17546
17551
17552
17553
17554
17555
17556
17557
17558
17559
17560
17561
17562
17563
17564
17565
17566
17567
17568
17569
17571
17572
17573
17574
17575
17576
21800
21802
21807
21830
21835
21836
21940
11891 9293 9294
12763 9954 9955
12775 9944 17544
12776 9965 9966
12800 17545 9944
13017 10131 10150
13018 10150 17546
13022 17546 10155
13028 17546 10158
13029 10159 17545
13030 10155 10159
13052 10150 10158
13125 10158 10224
13250 10224 10296
13288 10159 10325
13409 10413 17525
13413 17526 10413
13431 10325 10430
13550 17527 10514
13566 10527 17565
13585 17551 17527
13595 17568 21837
13596 10552 17568
13629 17568 10578
13641 10527 10589
13698 10628 10629
13711 10578 10641
13740 10589 17569
13741 17569 10663
13743 21838 10666
13771 10683 10684
13774 10663 10683
13788 17557 10696
13822 10718 17557
13835 21989 10728
13851 10738 21989
13852 17559 10740
13878 10740 17560
14011 10850 9294
14029 9294 17563
14038 10871 10872
14039 17563 10871
14050 10881 10882
14076 10902 17522
14095 10871 21990
14121 10939 10902
14122 21990 17562
14139 17562 10952
14160 10969 10939
14218 17528 11013
14264 11048 17528
14266 10952 17576
14293 11013 11071
14294 17524 10939
14295 17573 17575
14344 11111 11048
14380 17529 11111
14554 11273 17529
14594 17531 11305
14595 11306 11307
14686 11381 17524
14688 17530 17531
14693 17530 21818
14696 11381 11388
14713 11403 11388
14741 11424 11381
14830 11493 21818
14946 11582 11424
14967 17534 11599
15111 11706 11582
15142 11730 11731
15168 11752 11730
15170 17535 9954
15171 9954 11755
15177 11759 17533
15188 11769 11752
15191 11777 11759
15194 11774 11775
15195 17533 11774
15198 11777 11769
15210 11796 17532
15213 17532 11777
15217 11795 11796
15288 11795 11849
16151 10696 21838
16480 12781 10718
16481 12782 17551
16494 12795 17526
19042 17543 17535
19043 9966 17535
19044 9944 9965
20199 15931 15932
20200 15933 15931
20201 11775 15934
20202 15935 15933
20203 21800 21802
20204 15938 21807
20205 15931 15940
20208 15941 15940
20209 15942 15943
20210 15944 15945
20211 15946 15947
20212 15943 15944
20213 15948 15946
20214 15949 15948
20215 15945 15942
20216 15946 15942
20217 15950 15951
20218 15950 15947
20219 15952 15953
20220 17566 15952
20221 15955 15956
20222 15957 15955
20223 10628 15958
20224 17571 15960
20225 15961 15962
20226 15960 15963
20227 15964 21835
20228 15966 17565
20229 15967 15968
20230 17559 15969
20231 10684 15970
20232 15971 15972
20234 15966 17554
20235 15974 15975
20236 15976 15971
20237 17552 15978
20238 17553 15966
20239 15980 17553
20240 17565 15981
20241 15953 15982
20242 17564 17565
20243 15984 17564
20244 17566 15956
20245 15985 15952
20246 17567 15957
20247 15953 10527
20248 15955 17566
20249 21837 17567
20250 15987 15988
20251 15989 15990
20252 15991 15992
20253 15988 15993
20254 15994 15995
20255 21836 15994
20256 15995 21835
20257 21835 15993
20258 15992 15989
20259 15975 21816
20260 15976 15998
20261 17522 10413
20262 15999 16000
20263 16001 16002
20264 16003 16002
20265 16004 16005
20266 16006 15951
20267 15944 15950
20268 16007 16006
20269 21830 16007
20270 15980 16009
20271 15972 15978
20272 15978 15966
20273 17553 15984
20274 15981 10683
20275 9293 10738
20276 17534 16010
20277 10696 15972
20278 17554 15971
20279 15987 15975
20280 21816 16011
20281 16011 15987
20282 15958 16012
20283 16012 16013
20284 15962 16013
20285 10430 15960
20286 15982 15994
20287 21836 15984
20288 15993 15953
20289 10552 16011
20290 15992 17553
20291 15956 15988
20292 17557 16014
20293 16015 16001
20294 16010 16015
20295 16010 16010
20296 17558 17561
20297 16017 16018
20298 16013 16019
20299 16020 16012
20300 16021 16022
20301 16023 10882
20302 16024 16025
20303 16026 16027
20304 16028 16029
20305 16030 16031
20306 16027 16031
20307 16032 16028
20308 16028 21800
20309 21800 15932
20310 16026 16033
20311 15989 21836
20313 11048 21817
20314 16014 10728
20315 16014 17558
20316 11493 15938
20317 15933 15938
20319 15939 16036
20320 16036 16002
20321 16036 16036
20322 21802 15939
20323 17575 16037
20324 10666 17552
20325 17558 21830
20326 16006 17576
20327 10952 17555
20328 16039 17525
20329 10514 16040
20330 16031 16023
20331 16018 16030
20332 15981 15976
20333 16041 16042
20334 10881 16043
20335 16044 10850
20336 16020 10829
20337 16045 16044
20339 16042 16024
20340 15967 16024
20341 16046 15967
20342 16046 16042
20343 16042 16017
20344 15932 15941
20345 17524 16047
20346 11071 16047
20347 11306 16048
20348 15949 16049
20349 17572 15949
20350 16051 11273
20351 16000 16052
20352 16052 16051
20353 15934 16052
20354 16033 16053
20355 16054 16055
20356 16055 16053
20357 17576 16054
20358 16037 16056
20359 16057 16054
20360 16043 16017
20361 16044 16046
20362 16049 16058
20363 17529 16048
20364 16048 16049
20365 16059 15943
20366 16004 17531
20367 15940 16004
20368 16004 16060
20369 17574 21818
20370 16060 17574
20371 17574 15935
20372 16056 16032
20373 16057 16032
20374 16029 16062
20375 16062 16026
20376 16063 16055
20377 16062 16063
20378 16053 17562
20379 16023 16033
20419 17556 17572
20420 16021 16019
20421 15951 15943
20504 17535 16173
20505 16174 9954
20506 9965 17543
20507 10514 12795
20508 10666 12782
20509 16175 17543
20510 16176 17536
20511 16174 16178
20512 16178 16175
20513 16178 17536
20514 16175 16176
20515 17543 16174
20516 16173 17544
20517 11755 16173
20518 16176 17545
20606 15985 10527
20607 21837 15985
20626 16019 17569
20627 10641 16021
20628 10684 17559
20630 10728 12781
20631 15998 10738
20632 10740 15998
20633 17560 16045
20634 15969 16045
20635 17560 10850
20637 10882 10871
20638 9294 16041
20639 16041 10881
20640 10872 9293
20641 16005 17572
20642 17572 11307
20643 17575 17556
20644 16059 17575
20646 17576 17573
20648 10829 15968
20649 16045 10829
20650 16000 21817
20651 11305 11273
20652 17531 11306
20653 11775 17534
20654 10578 16022
20655 17571 10628
20656 16022 15961
20657 16022 17571
20658 11599 11493
20659 10430 10552
20661 11731 11706
20662 15999 11706
20664 11071 10969
29653146 21816 10325
29653147 21817 21940
29653148 21807 15939
29653163 17555 21830
29653275 17561 21990
