NbNode NbEdge POD
153 175 13
16287
16288
16289
16290
16291
16293
16294
16295
16296
16297
16298
16299
21796
19262 14899 14858
19268 14903 14899
19271 14905 14906
19273 14903 14908
19274 14909 14905
19275 14908 14909
19281 14909 14916
19287 14916 14921
19290 14921 14924
19294 14924 14928
19308 14928 14938
19309 14938 14939
19312 14939 14942
19319 14942 14949
19324 14949 14952
19325 14952 14953
19329 14953 14958
19335 14958 14964
19346 14972 14965
19348 14964 14974
19349 14975 14972
19354 16294 14975
19360 14974 16291
19363 14974 16293
19364 16293 16294
19369 16291 14993
19372 14993 14996
19381 14996 15005
19382 16293 15005
19390 15005 15011
19399 15011 15017
19404 15017 15022
19406 15024 15005
19409 15022 15026
19413 15026 15029
19414 15029 15030
19415 15031 15024
19418 15030 15034
19421 15037 15031
19422 15034 15038
19423 15039 15038
19428 15039 16287
19429 15043 15041
19430 16287 15044
19433 15047 15043
19435 15049 15047
19436 15044 15049
19440 15051 15037
19443 15054 15051
19445 15044 16288
19446 15057 15054
19447 16288 15058
19449 15060 16288
19452 16288 15062
19454 15064 15057
19455 15065 15064
19457 15067 15060
19458 15058 16289
19459 15062 16289
19460 16289 15069
19463 15071 15065
19464 15067 15072
19465 15043 15073
19466 15073 15067
19467 15074 15071
19469 16295 15074
19470 15072 15077
19472 16289 15079
19474 15079 15081
19475 15082 15083
19476 15073 15084
19477 15077 15085
19478 15086 16295
19479 15086 15082
19480 15081 15087
19481 15087 15088
19482 15088 15086
19483 15087 16296
19484 15090 15091
19485 15043 15091
19486 15081 15092
19487 15087 15093
19488 15085 15094
19489 15093 15092
19490 15088 15095
19491 15091 15084
19492 15093 15096
19493 15095 15097
19494 15098 15085
19495 15092 15098
19496 15084 15099
19497 15097 15100
19499 15092 15102
19500 15096 15102
19501 15094 21796
19502 15098 15104
19503 15105 15099
19504 15105 15106
19505 15102 15107
19506 15096 15108
19507 15106 21796
19508 15107 15109
19509 15109 15110
19510 15104 15111
19511 15112 15109
19512 15102 15113
19513 15114 15111
19514 15114 15112
19515 15110 15115
19518 15115 15117
19519 15113 15118
19520 15106 15119
19521 15111 15119
19522 15097 15120
19523 15121 15119
19524 15120 15122
19526 15122 16297
19527 15113 15125
19528 15125 15108
19530 15127 15114
19531 15128 15127
19532 15117 15129
19533 15125 15130
19534 15131 15128
19535 15091 15132
19536 15129 15133
19537 15120 15134
19538 15133 15135
19539 15118 15133
19540 15135 15136
19541 15137 15131
19542 15132 15138
19543 15139 15137
19544 15136 15139
19545 15137 15140
19546 15136 16290
19547 16290 15142
19548 15132 15143
19549 15084 15143
19550 15143 15140
19552 15090 15145
19553 15145 15132
19554 15134 15146
19559 15142 15150
19560 15130 15151
19561 15146 16298
19562 16298 15153
19563 16298 15151
19564 15154 15151
19565 15145 15155
19566 15150 15156
19567 15156 15157
19568 15157 15158
19569 15158 15154
19570 15158 15159
19571 15140 15158
19572 15160 15154
19573 15161 15160
19574 16298 15161
19575 15161 15162
19576 15159 15163
19577 15163 16299
19578 15161 15165
19579 15165 15166
19580 15167 15160
19581 15167 15165
19582 15168 15169
19583 15169 15167
19584 15170 15169
19585 15165 15171
19586 15171 15172
19587 15173 15170
19588 15171 15173
19589 15173 15174
19590 15175 15171
