NbNode NbEdge POD
834 1019 391
476
2744
16878
16336
16337
16338
16340
16341
16342
16343
16344
16347
16346
16348
16349
16350
16360
16352
16353
16354
16355
16546
16357
16358
16359
16361
16362
16363
16364
16365
16368
16371
16369
16370
16373
16561
16375
16376
16377
16379
16380
16384
16385
16386
16387
16388
16389
16390
16392
16393
16415
16395
16396
16397
16398
16399
16400
16401
16404
16405
16406
16407
16408
16547
16410
16411
16412
16413
16414
16416
16417
16418
16419
16420
16421
16422
16423
16605
16427
16428
16430
16431
16432
16433
16435
16436
16437
16438
16439
16440
16441
16442
16443
16444
16445
16446
16447
16448
16449
16450
16451
16452
16453
16454
16455
16456
16457
16458
16461
16814
16821
16463
16464
16465
16466
16467
16468
16469
16470
16471
16472
16473
16474
16475
16476
16477
16478
16482
16480
16481
16846
16484
16485
16486
16487
16488
16489
16491
16492
16493
16494
16495
16496
16497
16499
16500
16501
16502
16503
16504
16505
16506
16507
16508
16509
16510
16519
16512
16513
16514
16515
16520
16518
16521
16524
16525
16526
16528
16529
16530
16531
16532
16533
16534
16535
16536
16537
16538
16539
16540
16543
16542
16544
16545
16548
16549
16550
16551
16552
16553
16554
16556
16557
16558
16559
16560
16562
16563
16564
16565
16566
16567
16582
16569
16571
16572
16573
16574
16577
16578
16579
16584
16581
16583
16586
16587
16589
16590
16591
16592
16593
16594
16595
16596
16597
16598
16599
16600
16601
16602
16604
16606
16607
16608
16621
16610
16612
16624
16614
16615
16617
16619
16620
16813
16623
16625
16626
16627
16628
16629
16630
16631
16636
16633
16637
16638
16651
16641
16643
16650
16645
16646
16647
16648
16659
16657
16654
16669
16660
16661
16662
16663
16667
16665
16666
16879
16672
16671
16673
16674
16682
16678
16680
16681
16683
16685
16722
16724
16730
16816
16817
16818
16830
16823
16825
16826
16827
16828
16829
16831
16832
16834
16836
16837
16839
16841
16842
16844
16847
16851
16849
16850
16852
16853
16854
16855
16856
16857
16858
16859
16929
16861
16862
16863
16864
16865
16866
16871
16868
16869
16870
16872
16873
16874
16875
16876
16877
16880
16881
16882
16883
16884
16886
16888
16890
16891
16894
16896
16908
16898
16899
16900
16901
16902
16904
16905
16906
16907
16915
16911
16912
16913
16914
16916
16921
16922
16927
16928
16930
16931
16932
16935
16934
16939
16937
16938
16940
16941
17788
17789
17790
17792
17793
17794
17795
17797
17798
17800
17804
17802
17807
1 1 16524
2 16528 16521
3 16524 16528
4 16507 22135
5 16415 8
6 16495 10
8 13 14
9 8 15
10 16469 16447
11 18 19
12 19 20
13 15 21
14 22 16377
15 24 25
16 16414 27
17 16440 29
18 30 16413
19 32 33
20 21 18
21 19 21979
22 20 35
23 36 37
24 33 16396
25 16505 40
26 41 42
35 16486 16513
36 21979 16445
37 59 16443
38 16442 62
39 63 16448
40 59 16449
41 66 16452
42 68 69
43 24 69
44 70 16461
48 77 16457
49 79 16410
50 16547 16408
51 83 84
52 16408 85
53 85 83
54 85 80
55 86 16411
56 88 515
57 16502 22135
58 138 159
59 16584 93
60 94 16629
61 96 97
62 98 99
63 100 101
64 16562 16549
65 16631 16636
66 94 16631
67 16645 16604
68 16636 108
75 16553 118
76 16554 120
77 16586 16558
78 123 124
79 124 16556
80 97 16552
81 124 16552
82 16557 124
83 128 123
84 129 16560
85 16567 132
86 16567 16582
88 136 2744
89 138 16499
102 62 16441
127 199 200
128 201 202
129 202 16344
130 204 16346
131 202 206
132 206 16346
133 208 16373
134 16358 16371
135 16365 213
136 16349 215
137 216 217
138 16353 217
139 217 219
140 219 220
141 221 222
142 223 16349
143 16349 224
144 225 226
145 223 226
146 226 16348
147 222 220
148 220 16350
149 16350 229
150 16355 231
151 16813 70
152 233 234
153 16529 16533
155 238 239
156 16348 16336
157 239 241
158 242 241
159 16336 241
160 16406 512
161 245 16406
162 16915 16907
163 16912 16921
164 16912 16922
165 251 252
166 253 254
167 16886 16888
168 16877 16884
169 259 16877
170 260 16888
171 261 16877
172 262 16557
173 263 16559
174 265 16553
175 16556 16551
176 128 265
177 251 267
178 268 16911
179 16907 270
180 270 271
181 270 272
183 16905 272
184 16907 275
185 276 16911
186 16912 268
187 277 278
188 278 279
190 282 283
191 284 16543
192 286 287
193 288 17788
194 288 17789
195 286 16544
196 292 293
197 294 295
198 16607 16427
199 298 1
200 299 16466
201 16846 302
202 16548 16359
204 16548 208
205 16610 16608
206 16353 308
207 309 16340
208 16427 16621
209 16515 16857
212 16937 233
213 318 319
214 16841 16480
215 16375 323
216 324 16468
217 16401 204
218 327 294
219 16561 323
220 329 330
221 331 332
222 298 16518
223 334 84
224 16563 16377
225 336 16515
226 199 16340
227 120 79
228 16404 204
229 16399 339
230 340 341
231 342 343
232 344 341
233 341 16337
234 346 343
235 347 340
237 16648 16645
238 238 16337
239 349 347
240 224 329
241 330 16338
242 330 351
243 343 16338
244 16340 352
245 353 354
246 16340 353
247 16343 356
248 231 201
249 16344 357
250 16341 342
251 331 16342
252 331 16341
253 231 16342
254 29 360
255 360 361
256 362 363
257 339 357
258 334 339
259 357 16343
262 16346 16347
263 16594 368
264 16593 16578
265 16565 96
266 16574 16566
267 16577 16587
268 16574 376
269 377 16583
270 16569 380
271 16577 16589
272 16578 16589
273 132 16565
274 16562 382
275 16564 384
276 384 16562
277 385 16564
278 380 376
279 16589 386
280 16602 16596
281 16590 386
282 390 391
283 392 16625
284 394 16591
285 396 16587
287 16565 262
288 399 16477
289 399 401
290 401 402
291 403 16626
292 16518 16520
293 406 16514
294 16520 406
295 16515 406
296 16525 409
297 410 411
298 16525 411
299 410 16525
300 412 16530
301 16529 1
302 414 16532
303 416 16530
304 16533 416
305 16535 418
306 16535 288
307 16535 41
308 41 16534
309 16539 421
310 422 423
311 295 282
312 220 225
316 217 426
317 308 16357
318 16352 429
319 16354 219
320 431 309
321 215 332
322 215 432
323 429 221
324 16347 16355
325 16355 16352
326 16352 308
327 208 433
328 16358 16357
329 213 16354
330 16358 16354
331 434 435
332 16379 437
333 16361 16365
334 22 16380
335 16363 16369
336 442 443
347 442 451
348 451 16360
349 433 16358
350 451 16361
351 16376 16375
352 394 454
353 16375 16370
354 16369 437
355 16368 16362
356 16364 16365
357 16362 16364
358 386 454
359 16370 16368
360 16561 16371
361 16376 16371
370 437 22
371 16453 468
372 16384 16388
373 16388 434
374 471 16387
375 473 32
376 474 476
379 478 16396
380 479 474
381 480 477
382 481 30
384 483 471
385 484 485
386 471 16389
387 16388 484
388 16389 485
389 485 474
390 30 16390
391 16390 33
392 477 483
393 488 483
394 483 479
395 489 490
396 488 489
397 480 16393
398 481 16392
399 16420 88
400 494 495
401 16398 497
402 16399 431
403 518 499
404 499 27
405 16407 16417
406 16422 16419
407 497 245
408 504 505
409 309 506
410 16397 16398
414 84 16404
415 245 16405
416 512 83
417 16400 16399
418 514 16405
419 512 514
420 515 86
421 16412 79
422 494 16412
423 32 8
424 16413 473
425 518 517
426 518 497
427 16414 518
428 16415 519
429 519 16440
430 16608 16612
431 521 522
432 523 16419
433 523 495
434 524 16430
435 16605 16427
438 16428 468
439 36 16428
440 16428 529
441 16431 135
442 530 531
443 16431 36
444 530 16431
445 532 16432
446 16432 135
447 16433 532
448 16558 16557
449 535 16433
450 535 135
452 10 536
453 536 16438
454 538 539
455 540 541
456 16437 541
457 541 538
459 16437 540
460 539 544
461 16439 546
470 546 544
471 553 554
472 16485 556
473 16513 16491
474 2744 558
475 16497 558
476 560 68
477 68 561
478 562 16883
479 564 16463
489 16464 573
490 564 16467
491 16468 16467
492 575 16817
493 573 564
494 299 16467
495 577 578
496 16475 16470
497 16471 16470
498 16476 16471
499 578 16476
500 16471 16472
501 361 62
502 584 16471
503 584 16473
504 136 587
505 16475 577
506 16482 401
507 402 589
508 16492 16485
513 402 594
514 16487 16485
515 16552 16549
516 16550 16551
517 16549 16548
518 597 16600
519 16553 16554
520 16544 599
521 600 16538
522 602 603
523 234 602
524 604 605
525 521 88
526 517 245
527 16400 606
528 499 478
529 606 16397
530 16593 16579
531 199 606
532 200 608
534 611 16455
535 16396 613
536 16396 504
537 608 505
538 20 16416
539 615 616
540 617 16904
541 16427 531
542 16430 530
543 495 16420
544 16421 523
545 16427 620
546 16418 16421
547 16417 521
548 522 16418
549 66 59
550 16447 59
551 558 2743
552 66 16450
553 16472 560
554 16472 77
555 561 399
556 624 16465
557 16481 299
558 589 16473
559 16480 299
560 532 16454
566 16454 16453
567 16470 611
568 16453 35
569 69 16461
570 16458 16457
571 69 573
572 16457 69
573 16465 561
574 68 16464
575 16501 634
576 16501 635
577 634 636
578 16512 638
579 16508 409
580 16526 16531
581 16506 16513
582 643 644
583 638 410
586 16510 16506
587 16671 649
588 16661 16674
589 16669 16666
590 16662 655
591 16637 16641
592 16638 643
593 93 659
594 660 101
595 644 16637
596 16637 660
597 16638 16662
598 16651 16641
599 16660 663
600 16659 16654
601 16646 16659
602 16650 668
603 668 16643
604 16654 16650
605 16385 16384
606 671 16647
607 16657 16669
608 674 16661
609 16390 16385
614 16667 649
615 94 16619
616 16619 16620
617 16435 135
618 16623 16633
619 16627 16630
620 16636 16627
621 16627 684
622 16624 403
623 16625 403
624 16626 16628
625 16630 687
626 16629 687
627 605 422
628 16538 688
629 421 688
630 602 600
631 16539 16540
632 318 16937
635 16542 693
636 16536 695
637 16542 604
638 16537 414
639 697 327
640 16545 234
641 16545 697
642 16543 292
643 287 294
644 253 699
645 16830 575
646 674 16724
647 16647 16722
648 16661 16730
649 16890 16681
650 16623 16813
651 706 16680
652 16631 708
653 16646 597
654 101 377
655 377 396
656 396 394
657 709 16596
658 16593 16594
662 709 16593
663 454 16593
664 16595 16596
665 16592 16598
666 16598 100
667 16598 16597
668 16600 16599
669 16599 100
670 16604 16602
671 719 16621
672 16620 16625
673 687 720
674 16633 16624
675 16617 392
676 16633 722
677 16610 723
678 16610 16607
679 724 725
680 726 724
681 16617 726
682 16617 727
683 263 726
688 731 732
689 655 16663
690 732 16631
691 16663 94
692 16666 16665
693 16665 731
694 735 708
695 735 16667
696 699 708
697 108 708
698 16678 737
699 16683 16685
700 740 16561
701 512 16407
702 515 80
703 741 742
704 636 743
705 744 745
706 746 747
707 16504 746
710 16501 744
711 418 16501
712 744 751
713 16503 753
714 16502 747
715 16502 754
716 745 747
717 755 16504
718 756 757
719 16504 756
720 414 758
721 261 699
722 108 759
723 16563 380
724 323 385
725 16563 323
726 382 16565
727 16566 132
728 760 16574
729 16573 363
730 762 16578
731 762 16572
732 16571 362
733 16569 16571
736 767 760
737 363 762
738 16577 16574
739 262 1001
740 1001 769
741 403 684
742 16581 16567
743 769 16581
744 769 16583
745 16591 16592
746 100 16601
747 16601 16596
748 727 16614
749 727 263
750 726 725
751 725 16586
752 16615 725
753 16636 722
754 16643 16651
755 16669 16651
756 16671 16666
757 16405 16400
758 16443 62
759 16641 731
767 16648 16660
768 16931 779
769 16930 779
770 781 16930
771 782 16931
772 783 784
773 783 785
774 16856 787
775 788 553
776 16939 554
777 554 16935
778 16939 16934
779 792 16939
782 796 283
783 797 798
784 283 797
785 233 797
786 796 16938
787 798 796
788 336 800
789 16927 802
790 803 16929
791 16929 16930
792 16875 16906
793 16868 808
794 16859 781
795 16941 16934
796 16832 759
797 939 792
798 16934 276
799 293 813
800 16853 815
801 816 817
802 16836 16850
803 16850 16861
804 16839 16865
805 823 824
809 16859 16874
810 16828 16823
811 16830 16827
812 817 16828
813 817 16825
814 831 16829
815 16828 831
816 833 16827
817 833 16826
818 831 833
819 16831 16837
820 16831 16834
821 838 824
822 16837 839
823 839 16832
824 840 838
825 16836 838
826 16839 16837
827 16839 824
828 391 16855
829 16853 16859
830 842 16851
835 787 842
836 16844 16849
837 16858 16852
838 787 16858
839 16842 816
840 324 16841
841 16842 324
842 816 16844
843 16850 16849
844 16851 16849
845 853 16856
846 800 302
847 854 16856
848 302 16857
849 302 16854
850 16855 16847
851 802 857
852 857 853
853 390 857
857 16859 16858
858 16875 16870
859 16873 866
860 16874 815
861 16874 16863
862 16862 16870
863 815 16861
864 16864 823
865 16863 16864
866 823 16862
867 16866 16871
868 16865 16866
869 16871 16868
870 16870 16869
871 16874 16873
872 706 562
873 16908 16898
874 875 16905
875 275 16908
876 16876 261
877 877 759
878 759 16876
879 16881 259
880 879 16881
885 16880 253
886 253 16879
887 879 16882
888 260 879
889 16883 260
890 16886 617
891 16886 875
892 16884 16886
893 16894 16891
894 888 251
895 889 16896
896 706 891
897 891 16891
898 16890 891
899 16891 889
900 16896 16899
901 16899 888
902 16901 16902
903 16900 16901
904 16921 16915
908 16921 16916
909 16916 16922
910 16898 16914
911 16898 16913
912 16916 16913
913 16913 900
914 16914 16915
915 901 16922
916 16921 16922
917 788 16930
918 16940 798
919 785 797
920 16940 792
921 903 782
922 16935 16932
923 783 905
924 783 906
925 907 336
926 298 908
927 16927 336
928 16528 412
929 906 907
939 906 903
940 16928 784
941 16928 908
942 16435 16623
943 16906 917
944 877 261
945 98 16586
946 16900 889
947 16878 877
948 490 919
949 16724 671
950 16455 16453
952 16507 16500
953 16509 16507
954 16512 16509
955 352 923
956 16343 352
957 198 279
960 17800 928
961 928 17798
962 17798 930
963 930 931
964 931 932
965 1119 267
966 267 16900
967 889 934
968 934 706
969 706 254
970 671 16648
971 16645 16646
972 16646 16643
973 16643 660
974 660 659
975 747 935
976 587 16475
977 659 644
978 644 98
979 16586 129
980 129 16559
981 16606 118
982 118 120
987 538 490
988 919 16386
990 271 16906
991 917 808
992 16911 271
993 16337 239
994 16363 16362
995 16355 16546
996 16546 265
997 16549 16550
998 16550 265
999 943 944
1000 16470 16469
1002 16259 16724
1011 16481 16846
1012 947 16482
1013 947 16484
1014 624 16482
1015 16466 16465
1016 16481 947
1017 252 900
1018 944 589
1019 275 16888
1020 594 16485
1021 16488 16487
1022 16489 16492
1023 42 16496
1024 16496 16495
1025 757 16536
1026 40 943
1027 753 409
1028 16500 944
1029 952 422
1030 755 952
1031 409 755
1032 16533 318
1035 416 16540
1036 935 292
1037 421 16537
1038 16508 16507
1039 411 16526
1040 16519 16510
1041 16509 16510
1042 16519 956
1043 16682 958
1044 959 16682
1045 16672 16673
1046 16672 962
1047 16672 963
1048 963 16671
1049 964 16671
1050 737 964
1051 16682 16674
1052 16678 16680
1053 958 16683
1054 959 16685
1055 16722 965
1056 16360 16363
1057 220 966
1058 966 16360
1062 16612 16559
1063 16559 128
1064 16500 22135
1066 16441 969
1067 128 16606
1068 969 546
1069 16455 970
1070 279 971
1071 972 17804
1072 974 975
1073 277 17795
1074 977 978
1075 17792 977
1076 284 813
1078 17789 17788
1079 981 980
1080 978 981
1081 17790 978
1082 813 17790
1083 981 17792
1085 17794 17795
1086 17798 975
1087 17795 17798
1088 286 17793
1089 986 931
1090 17793 930
1091 975 17797
1092 986 17797
1093 928 17794
1094 17804 971
1095 13 988
1096 988 989
1097 989 990
1098 990 277
1099 282 990
1100 17807 16940
1101 974 992
1102 992 279
1103 971 17800
1104 16414 15
1106 343 349
1107 617 875
1108 16904 917
1109 720 16620
1110 16882 16880
1116 16392 993
1117 16450 63
1118 16579 997
1119 620 16430
1120 808 16878
1121 25 535
1122 754 16503
1123 998 16503
1124 16504 998
1125 688 605
1126 697 283
1127 327 603
1128 635 138
1129 604 423
1130 693 599
1131 956 16512
1132 695 16543
1133 695 423
1134 758 16531
1139 742 743
1140 16514 16513
1141 16514 16494
1142 594 943
1143 556 16486
1144 624 299
1145 1001 16584
1146 16362 16371
1147 16673 16674
1148 16628 687
1149 16572 767
1150 16446 16447
1151 16445 16446
1152 37 16454
1153 1003 37
1154 16884 617
1155 1004 524
1156 1005 1006
1157 522 1005
1158 16932 783
1161 611 16456
1162 16864 16869
1163 1009 238
1164 349 1009
1167 544 480
1173 616 16428
1175 16478 402
1191 22135 159
1195 302 390
1198 1018 517
1199 468 1018
1208 923 344
1209 1023 136
1210 159 1023
1211 16337 1024
1212 16393 481
1213 356 343
1214 1025 541
1216 390 854
1217 546 16415
1218 613 16395
1219 284 293
1220 293 1027
1221 1027 16535
1222 16857 16493
1223 16681 16683
1230 2743 16451
1231 276 866
1232 16619 724
1234 932 813
1235 944 402
1236 722 575
1237 16818 16816
1238 16817 16818
1239 16816 16821
1240 16821 1036
1241 1036 16467
1242 16512 16521
1243 16451 66
1252 1040 959
1256 795 16940
1260 344 1047
1264 977 17797
1274 972 278
1278 1173 16259
1279 515 85
1282 540 1060
3463 16474 2743
3786 3054 2744
3787 1006 16423
3788 1004 3056
11061 613 199
14827 11491 16437
14828 16469 16474
15805 3056 615
15806 1006 1004
15807 524 615
16820 14 17807
16821 13046 14
19598 15180 1018
19599 16816 16814
19600 16436 25
19632 15209 351
19633 15209 15210
19634 21979 16444
19637 15215 16473
19638 16404 15217
19639 16875 866
19644 15227 17802
19645 17802 15228
19647 14 15230
29653266 16444 16443
29653427 16410 80
