bNode NbEdge POD
531 654 266
15243
16687
16689
16690
16691
16692
16693
16694
16695
16696
16697
16739
16701
16702
16703
16723
16726
16728
16729
16731
16732
16733
16734
16735
16736
16737
16738
16740
16741
16742
16743
16745
16746
16747
16748
16749
16750
16751
16752
16755
16754
16756
16759
16758
16760
16761
16762
16763
16764
16766
16767
16768
16769
16770
16771
16774
16773
16776
16781
16778
16779
16780
16917
16918
16919
16920
16923
16925
16981
16943
16944
16945
16946
16947
16948
16949
16950
16951
16952
16953
16954
16955
17018
16957
16958
16959
16965
16961
16962
16963
16964
16966
16967
16968
16969
16970
16974
16975
16976
16978
16979
16982
16983
16984
16985
16999
17000
17002
17003
17004
17005
17006
17007
17008
17009
17010
17012
17013
17015
17016
17017
17019
17020
17021
17022
17031
17803
17806
17808
17812
17813
17814
17815
17816
17817
17818
17819
17820
17821
17822
17823
17824
17825
17826
17827
17828
17829
17830
17831
17832
17833
17834
17835
17836
17838
17839
17840
17841
17842
17843
17844
17845
17846
17847
17848
17849
17850
17851
17852
17853
17854
17855
17856
17857
17858
17859
17860
17861
17862
17863
17864
17866
17868
17869
17870
17871
17872
17873
17874
17875
17876
17877
17878
17879
17880
17881
17882
17883
17884
17885
17886
17888
17889
17891
17892
17893
17894
17895
17896
17897
17898
17899
17901
17902
17903
17904
17905
17906
17907
17908
17909
17910
17911
17912
17914
17915
17916
17917
17918
17919
17920
17922
17942
17943
17944
17945
17946
17947
17948
17949
17950
17951
17952
17953
17954
17955
17956
17957
17958
17959
17960
17961
17962
17964
17965
17966
17967
17968
17970
17971
17972
17973
17974
17975
17977
17987
27 43 17842
28 45 46
29 17844 48
30 49 17833
31 16950 16943
32 49 45
34 55 49
46 74 17852
47 17876 74
69 17875 17852
70 17891 111
71 112 17853
72 17853 17875
73 16948 16947
74 116 16948
90 17942 141
91 142 143
92 144 16946
93 144 17000
94 16954 17016
95 149 150
96 151 152
97 152 17949
98 154 16687
99 16976 149
100 157 16974
182 237 17806
210 314 315
211 17803 314
236 17806 17803
260 17812 237
261 17812 17813
286 397 17812
313 17814 17803
314 17812 17814
315 397 17816
337 17816 17814
338 444 397
339 17818 17816
340 17818 444
341 446 17818
342 446 447
343 17817 446
344 17816 17815
345 450 17818
346 446 450
362 450 459
363 460 450
364 460 17819
365 17815 17808
366 17815 17821
367 17821 459
368 464 465
369 17821 17820
383 17808 482
411 508 465
412 508 460
413 17821 17823
436 17819 17823
437 527 17821
462 17826 508
463 548 527
464 17823 548
465 549 548
466 17823 549
467 527 550
468 551 508
469 549 17827
480 17827 566
481 17827 17826
482 567 551
483 567 568
484 548 569
485 549 570
486 570 569
487 17856 17827
488 551 17856
509 591 567
510 591 17857
511 569 17824
512 17857 17856
533 17858 610
561 628 591
562 628 17858
563 17825 17827
564 17828 17827
565 17856 631
584 645 628
585 645 17859
610 17825 17830
611 17830 17828
612 17830 631
613 17825 17829
633 690 645
634 17863 690
659 710 690
660 711 15243
661 15243 713
684 711 728
685 17864 17863
686 728 17864
687 17860 710
708 17829 17831
709 750 728
734 765 766
735 17831 766
760 17832 17830
761 17860 17832
762 766 17832
763 17822 765
764 17862 17863
765 17862 17864
766 777 17822
780 17832 17861
806 17835 777
807 17861 825
808 825 17862
831 17868 825
832 845 17866
833 845 750
834 17862 17869
855 17885 862
856 17822 863
881 17866 880
882 863 17835
883 881 711
884 882 17885
905 882 881
906 880 882
907 896 17868
930 17869 17873
931 17873 845
932 880 910
933 17870 17868
934 926 882
935 913 863
936 914 17873
937 17870 914
938 915 17870
958 17871 915
959 925 926
983 17843 913
984 938 17843
985 938 896
1005 46 16951
1033 17835 17834
1034 17834 17836
1059 17872 17871
1060 17874 914
1061 16951 16950
1084 17886 926
1112 17836 17842
1113 17842 938
1114 994 995
1115 996 17886
1135 996 994
1136 996 995
1137 999 17834
1138 48 938
1159 55 999
1160 1007 55
1183 1014 43
1184 1015 17844
1185 1014 17839
1186 48 1017
1187 17839 1007
1201 1017 1014
1202 17874 1019
1204 17878 1022
1226 17878 1019
1227 16943 1030
1228 17852 1015
1229 1030 16945
1245 17876 17872
1246 1019 17876
1248 17879 17878
1249 45 16952
1268 17888 996
1269 17888 17879
1283 17844 112
1284 112 17852
1285 1061 1062
1286 1061 45
1287 16952 1063
1288 116 16950
1289 1063 116
1290 16947 1030
1291 17889 17888
1296 16953 1061
1297 1070 17889
1299 17877 17876
1302 111 1070
1303 1073 112
1304 1073 17846
1305 17877 17880
1306 17880 17889
1308 1077 16944
1309 17845 1017
1312 17891 17883
1314 16955 16953
1315 1007 17838
1317 16945 1088
1320 1091 1077
1321 1092 1091
1322 17838 1093
1323 1094 17853
1329 16955 1093
1330 1089 16917
1331 17850 1073
1332 17881 17877
1333 17840 17847
1334 17850 17845
1335 1094 17850
1336 17847 17850
1337 16918 16920
1339 17853 17854
1340 17854 1094
1341 1108 1091
1342 1108 16946
1343 17875 17881
1344 1109 1106
1345 16948 1110
1346 1110 1108
1347 16920 16923
1348 1077 16923
1349 1112 16918
1350 17838 17841
1351 16919 1112
1352 16917 1115
1353 1115 16919
1354 16925 16923
1355 1110 16949
1356 141 17854
1357 16946 1118
1359 1115 1120
1360 1121 16955
1361 150 16925
1362 1122 1120
1363 1123 1063
1364 17851 17850
1366 1126 1093
1367 17892 1106
1368 1127 1121
1369 1127 1123
1370 17841 17848
1371 17848 17840
1372 1123 16949
1373 1129 1130
1374 1126 1127
1375 16954 1123
1376 1131 17848
1378 16954 1134
1379 17855 141
1380 17884 17881
1381 17884 17949
1382 17884 17882
1383 17018 1127
1384 16979 150
1385 1131 17896
1386 17896 1141
1387 1141 1126
1388 17849 1131
1389 17949 17961
1390 17961 1109
1391 143 1122
1392 143 16925
1393 17905 17849
1394 17906 17849
1395 17906 17851
1396 1122 16964
1397 17882 151
1398 17884 151
1399 16981 16979
1400 143 16964
1401 1129 1148
1402 16964 1148
1403 17904 17905
1404 1118 16981
1405 17911 17855
1406 157 16976
1407 1151 17961
1408 1152 17906
1409 1152 17911
1410 16961 1148
1411 17964 1151
1412 16957 1129
1413 1148 16957
1414 142 157
1415 1156 16981
1416 1156 149
1417 16982 16981
1418 16957 1158
1419 17893 17895
1420 17895 1141
1421 17895 17904
1422 17002 144
1423 17002 17007
1424 1163 17942
1425 1163 152
1427 16723 16687
1428 1163 17948
1429 16976 1167
1430 1167 1156
1432 16762 16761
1433 16761 1170
1434 16999 16982
1435 1158 1172
1437 1163 17947
1438 16731 16755
1439 16999 17002
1440 1172 16761
1442 1178 1152
1443 1167 1179
1444 16732 16731
1445 1181 16954
1446 16962 16961
1447 16754 16755
1448 1170 16754
1449 1184 1177
1450 16731 16729
1451 16958 1158
1452 1179 16978
1453 1172 16763
1454 1184 16726
1455 1190 16949
1456 16754 16732
1457 16729 1177
1458 16726 16723
1459 1178 17912
1460 16963 16962
1461 16689 16687
1462 17912 1194
1463 1194 17907
1464 17008 1197
1465 1190 17008
1466 1198 17895
1467 17002 1199
1468 17004 1199
1469 1201 16689
1470 1201 16723
1471 17004 1202
1472 16999 16983
1473 16764 16761
1474 1205 17962
1475 1205 17965
1476 16984 16978
1477 16984 16982
1478 17008 1199
1479 1205 17966
1480 16693 1201
1481 1210 17018
1482 1210 1198
1483 17907 1211
1484 17895 17897
1485 1211 17909
1486 16975 16963
1487 1215 16731
1488 1215 16734
1489 1217 16693
1490 16978 1218
1491 1218 16975
1492 16983 16984
1493 17019 1210
1494 1194 17910
1495 16983 17003
1496 17003 1202
1497 16767 16764
1498 17914 1178
1499 1198 17894
1500 1225 1163
1501 1225 1205
1502 16691 16690
1503 1228 1163
1504 17950 1228
1505 17017 1190
1506 17017 1181
1507 17915 17914
1508 16736 1215
1509 17947 17946
1510 17005 17003
1511 1235 17005
1512 1236 1225
1513 1237 17950
1514 1238 17019
1515 16760 16764
1516 1240 17966
1517 1225 1240
1518 1211 17908
1519 17908 17897
1520 1242 1218
1521 1243 17017
1522 16985 1235
1523 17967 1240
1524 17967 1236
1525 1246 17946
1526 17951 1228
1527 17009 17004
1528 1249 1217
1529 16764 16756
1530 17946 17950
1531 16729 22177
1532 17017 1238
1533 1252 1236
1534 1252 17967
1535 16733 1184
1536 1254 16767
1537 16959 16958
1538 17943 17914
1539 16756 16759
1540 16959 1254
1541 17908 17899
1542 16965 16962
1543 1260 1261
1544 1218 16967
1545 1252 17951
1546 1246 1260
1547 1261 17943
1548 1242 1263
1549 1264 1260
1550 16767 16766
1551 1237 1264
1552 1266 1237
1553 1266 1267
1554 16965 16959
1555 1235 17006
1556 16756 16738
1557 16967 16965
1558 16738 16736
1559 1270 1252
1560 17968 1270
1561 16694 16691
1562 17943 1273
1563 1274 1266
1564 1270 1274
1565 1273 17915
1566 16695 1249
1567 16738 1276
1568 1277 16984
1569 17944 1273
1570 1277 16985
1571 1279 16760
1572 16759 1280
1573 1279 1280
1574 1281 16694
1575 1281 16695
1576 1282 16733
1577 1276 1282
1578 16766 16776
1579 17970 1270
1580 1285 17009
1581 1286 1282
1582 17916 17944
1583 16966 16967
1584 16737 1276
1585 1285 17010
1586 17010 1243
1587 17006 1291
1588 1292 1238
1589 17970 1293
1590 1291 1294
1591 17894 17898
1592 1294 1285
1593 16735 1286
1594 1297 1273
1595 1298 1281
1596 16728 1298
1597 1280 16758
1598 1286 16728
1599 16771 1279
1600 17945 17944
1601 16737 16749
1602 1297 17945
1603 17952 1261
1604 1254 16968
1605 16748 16737
1606 16697 16692
1607 1298 16697
1608 17952 1297
1609 17910 17917
1610 17957 1274
1611 17917 17916
1612 16758 16769
1613 1312 16968
1614 1313 1242
1615 1313 1277
1616 16745 16735
1617 16741 16735
1618 16253 17917
1619 1312 16969
1620 1318 16747
1621 16748 1318
1622 1320 1313
1623 1320 1291
1624 16740 16728
1625 16740 16741
1626 1322 1312
1627 16769 16768
1628 1318 16750
1629 16770 16771
1630 17971 17970
1631 1327 1264
1632 1327 17957
1633 16768 16770
1634 16779 16778
1635 16779 16968
1636 17010 1330
1637 16746 16745
1638 1332 17971
1639 1243 17020
1640 17020 1292
1641 1332 17958
1642 16697 16696
1644 16696 1337
1646 1339 1322
1647 1339 16779
1648 1327 17956
1649 1298 16739
1650 1330 17013
1651 16970 1339
1652 16739 1344
1653 17958 17956
1654 1345 1330
1655 16780 16779
1656 16740 16742
1657 16742 1344
1658 1348 16253
1660 1350 1332
1661 16771 16781
1663 17953 17952
1664 17956 17959
1665 1355 17953
1666 17013 17012
1667 17959 1355
1668 16781 16780
1669 1358 17959
1670 1359 1345
1671 1359 17020
1672 1360 16970
1673 1344 16702
1674 1362 1348
1675 16774 16770
1676 1364 16742
1677 16702 16701
1678 1366 1358
1679 1366 1332
1680 1367 17898
1681 1367 1362
1683 1369 16752
1684 17953 17954
1686 1373 1366
1687 1355 17955
1690 16735 16751
1691 16750 16751
1692 16751 1378
1693 17902 1367
1694 1378 1369
1695 16751 1364
1698 16702 16703
1699 17901 1292
1700 1369 1383
1701 1383 16774
1702 17902 17901
1703 17972 1373
1704 1385 17974
1705 1385 17972
1708 1364 16743
1711 16773 16781
1712 17903 1362
1713 1391 1373
1714 17954 1392
1715 1391 1393
1716 17960 1391
1717 1395 1366
1718 1395 1391
1719 1396 1345
1720 16703 1397
1721 1398 17012
1722 1399 1358
1723 1395 1399
1724 1396 1398
1725 1392 1400
1726 1401 1396
1727 1402 17902
1728 1402 17903
1729 1403 16253
1737 1398 17015
1738 16743 1411
1740 1412 1401
1741 1359 1412
1742 17022 1412
1743 17918 1403
1744 1392 1415
1745 1416 1385
1746 1415 17918
1747 1401 17021
1748 1416 17973
1749 17919 1415
1758 1426 17960
1762 1428 1395
1763 1426 1428
1766 17973 1431
1767 1432 1428
1771 17031 1412
1772 17031 17901
1773 17975 17919
1775 1439 1402
1779 1441 17031
1784 1428 17975
1785 1439 1441
1786 17919 1446
1792 1449 1439
1793 1403 1449
1794 17987 1451
1796 17031 17920
1797 1441 17920
1799 1455 17922
1800 1455 1449
1801 17920 1457
1820 17977 1432
1824 17977 1476
1825 1476 17987
1831 1476 1481
19649 17835 15232
19650 17831 15233
19662 16953 15247
19664 15250 15251
19665 15252 15253
19667 15251 15252
19668 15252 16253
19674 15266 16687
29648042 16698 16739
29648069 16725 16726
29648071 16727 16728
29648097 16753 16755
29648101 16757 16759
29648109 16765 16766
29648116 16772 16774
29648121 16777 16781
29648268 16924 16925
29648270 16926 16981
29648300 16956 17018
29648304 16960 16965
29648321 16977 16978
29648324 16980 16981
29648345 17001 17002
29649155 17811 17812
29649181 17837 17838
29649211 17867 17868
29649244 17900 17901
29649257 17913 17914
29649307 17963 17964
29649313 17969 17970
29653425 17965 1151
29653426 16975 142
