NbNode NbEdge POD
219 284 74
20745
20746
20747
20748
20749
20753
20772
20789
20790
20791
20792
20793
20794
20795
20796
20797
20798
20799
20800
20801
20802
20803
20804
20805
20806
20807
20808
20809
20810
20811
20812
20813
20814
20815
20816
20817
20818
20819
20820
20821
20822
20823
20824
20825
20826
20827
20828
20829
20830
20831
20832
20833
20834
20836
20844
20845
20846
20847
20848
20849
20850
20851
20853
20854
20855
20856
20857
20858
20859
20860
20894
20895
20896
20898
11870 9259 20796
11872 9263 9259
11874 20748 20791
11875 9268 20791
11883 9281 9282
11884 9283 9281
11885 20798 9285
11888 9281 9289
11890 9289 9292
11892 9295 9285
11893 9296 9295
13703 20790 10634
13772 20789 20745
13773 20790 20789
13775 20745 20746
13784 20795 20790
13785 20795 10693
13793 9268 20789
13808 10708 9268
13815 10713 10714
13820 9259 10708
13821 9259 20795
13825 20746 20748
13826 20789 20748
13827 10720 10713
13841 10730 9263
13849 10736 10720
13857 10743 10742
13859 20791 10745
13860 10745 20792
13863 10749 10730
13864 10749 10720
13866 20747 10743
13872 10755 20747
13873 10755 10743
13874 20748 10755
13875 10745 10755
13887 10763 20794
13888 20794 10745
13889 20794 10745
13890 20794 20791
13891 20794 9263
13903 20794 10774
13904 10774 10730
13905 10775 10736
13911 10774 20794
13915 10745 10781
13916 10781 10763
13917 10782 10783
13918 10755 10784
13929 20793 10781
13932 10784 20793
13941 10799 10782
13947 10783 10804
13948 10805 10774
13949 10805 10749
13952 10807 10784
13953 10808 20747
13954 10809 20797
13955 10809 10774
13956 10805 10809
13958 10812 10805
13959 10812 10736
13970 20805 10805
13971 20805 10812
13974 10826 10804
13975 10826 10799
13978 10828 20794
13979 10828 10809
13981 10831 10808
13982 9296 10809
13983 20805 9296
14002 10844 20805
14003 10844 20811
14006 10848 10807
14007 10849 10826
14008 9282 20811
14009 20793 20798
14010 20798 10828
14014 20798 10853
14015 10831 10854
14016 10854 10848
14019 20815 10857
14020 9292 10844
14021 9283 20814
14022 9283 10849
14024 9289 10860
14035 10868 10860
14036 10868 20813
14043 10876 20815
14056 10886 10868
14058 10868 20812
14059 10886 20812
14061 10860 10889
14070 10897 20799
14071 9285 10897
14072 20812 10899
14073 10899 10886
14074 10900 10854
14077 10904 10889
14078 10904 20812
14079 10889 20806
14080 10904 20806
14081 10906 20816
14082 10876 10906
14094 10897 20802
14102 20753 10900
14103 20798 20753
14104 20821 10899
14107 10904 20817
14108 10899 20817
14111 10931 20821
14112 10906 10931
14113 10932 20821
14125 20821 10942
14126 20749 10831
14127 10900 20749
14128 10944 10931
14130 10946 20802
14131 20806 10946
14132 20822 10931
14133 10944 20822
14134 20823 10944
14140 10946 20807
14145 20817 20819
14146 10932 20819
14157 20803 20802
14159 10968 20822
14161 20817 20809
14166 10968 20824
14167 20824 20823
14168 20819 20818
14176 10979 20807
14177 20809 10979
14187 10987 20826
14191 10991 10987
14192 20801 20803
14194 20819 20820
14195 20820 10968
14200 20807 20804
14203 11001 10968
14205 20827 10987
14209 11006 11001
14210 11006 20827
14214 20810 10979
14215 11010 20801
14216 20800 20753
14217 20800 20801
14221 11015 20810
14223 11017 11010
14229 11023 11024
14230 11017 11023
14233 20804 20808
14234 20808 11015
14235 20804 11017
14242 20825 20820
14243 11001 20825
14245 11015 20844
14246 20844 20820
14252 11039 11006
14255 11039 20825
14256 20844 20825
14261 11044 20894
14262 11046 20808
14265 11049 11044
14268 11046 11053
14272 11049 11057
14273 11057 11058
14277 20898 11049
14280 11057 11063
14282 11039 20853
14296 20830 11046
14297 20844 11076
14298 11077 11039
14301 20853 11080
14302 11077 11080
14304 11082 11077
14305 20830 20831
14310 11080 11086
14311 11086 11082
14312 11087 20898
14322 11094 20894
14331 11076 20845
14334 20854 11086
14335 11105 11094
14336 11087 11105
14337 11106 20857
14338 11086 11106
14339 11106 11094
14349 20896 11087
14350 20896 11105
14351 20896 11116
14355 11120 20854
14356 11120 11086
14357 11120 20855
14358 11122 20896
14362 11106 11126
14366 20896 20895
14374 11137 20847
14375 20853 20847
14376 11080 20847
14382 11143 11120
14383 11126 11143
14388 11147 20832
14389 11076 11147
14393 20847 20856
14394 20856 11143
14396 11153 11147
14411 11165 11143
14418 20846 11137
14419 20846 11153
14424 20833 20830
14425 20833 11147
14426 11175 11165
14427 11105 11175
14429 11175 20860
14436 11181 20833
14437 11153 11181
14439 11182 20859
14440 20860 11182
14441 11184 20828
14442 20833 11184
14470 20849 20847
14476 11212 20849
14477 11212 20858
14478 11212 11182
14481 20846 20848
14500 20848 11232
14502 20850 11232
14503 20849 20850
14504 11181 11234
14520 20850 11246
14521 20829 20833
14538 11260 20829
14546 11266 11260
14549 11268 11260
14553 11232 20851
14566 11284 11234
14578 11284 20851
14580 11293 11266
14591 11301 11266
14593 20836 11284
14598 11309 11268
14599 20836 11309
14605 11315 11293
14606 11309 11315
14632 11335 11293
14633 11315 11335
14637 20834 11301
14640 11342 11343
14644 20834 11342
14659 21983 11335
14684 11379 20834
14697 11389 11342
14708 11389 11399
14709 11399 20834
14710 11379 11399
14727 20772 11399
14730 11416 11389
19900 15598 11184
19901 15599 15600
19904 15604 15605
19905 15605 15600
19906 15606 15598
19907 15607 15601
19908 15604 15606
19909 15608 15604
19910 15609 15604
19911 20800 15610
19912 15610 15601
19913 15611 15610
19991 11023 20828
19994 15734 15735
19995 11184 15735
19997 15738 15739
20012 15761 15762
20018 15773 15734
20028 15735 15786
20031 15773 15607
20040 15739 15761
20048 15799 11184
20049 15786 15799
20050 15786 15739
29647604 20818 15733
