NbNode NbEdge POD
1458 1861 606
17197
17206
17325
17326
17327
17339
17340
17341
17342
17380
17344
17345
17346
17348
17349
17351
17355
17353
17354
17356
17358
17359
17360
17361
17362
17363
17364
17365
17366
17367
17368
17369
17370
17374
17378
17379
17381
17382
17383
17385
17386
17387
17388
17390
17391
17392
17393
17394
17395
17396
17397
17398
17403
17400
17401
17402
17405
17406
17407
17408
17409
17410
17411
17412
17413
17414
17415
17416
17417
17418
17419
17420
17423
17422
17424
17425
17426
17427
17428
17429
17430
17431
17451
17452
17458
17459
17460
17461
17464
17463
17465
17466
17468
17469
17470
17471
17472
17475
17474
17490
17477
17478
17479
17480
17481
17482
17483
17484
17485
17494
17487
17488
17489
17491
17492
17493
17495
17496
17497
18021
18023
18024
18025
18026
18029
18030
18031
18032
18033
18034
18039
18043
18041
18042
18044
18045
18046
18047
18048
18049
18050
18051
18052
18053
18054
18055
18056
18057
18058
18059
18060
18061
18062
18063
18064
18067
18068
18069
18073
18071
18072
18074
18075
18076
18077
18078
18079
18080
18081
18082
18083
18084
18085
18086
18087
18088
18089
18090
18091
18092
18093
18094
18099
18096
18097
18098
18100
18101
18102
18103
18104
18105
18106
18107
18108
18109
18110
18111
18112
18113
18118
18116
18117
18119
18120
18121
18122
18123
18124
18125
18126
18127
18128
18129
18130
18131
18132
18133
18134
18135
18136
18137
18138
18139
18140
18141
18142
18143
18144
18145
18146
18147
18148
18158
18150
18151
18152
18153
18154
18155
18156
18157
18159
18160
18161
18162
18163
18187
18165
18166
18167
18168
18169
18170
18171
18173
18174
18175
18176
18177
18178
18179
18180
18181
18184
18183
18185
18186
18188
18189
18190
18191
18192
18193
18194
18195
18196
18197
18198
18199
18200
18201
18202
18203
18205
18206
18207
18208
18211
18212
18213
18214
18215
18216
18217
18218
18221
18220
18222
18223
18224
18225
18226
18227
18228
18229
18230
18231
18232
18233
18234
18235
18236
18237
18238
18239
18255
18241
18242
18243
18244
18245
18246
18247
18248
18249
18250
18251
18252
18253
18254
18256
18257
18258
18259
18260
18261
18262
18263
18264
18265
18266
18267
18268
18269
18270
18271
18272
18273
18274
18275
18276
18277
18278
18279
18281
18282
18283
18284
18288
18290
18291
18292
18293
18294
18295
18296
18297
18298
18299
18300
18301
18302
18303
18304
18305
18306
18307
18308
18309
18310
18311
18312
18314
18315
18316
18317
18318
18319
18320
18321
18322
18323
18324
18325
18326
18327
18328
18329
18330
18331
18332
18333
18334
18336
18337
18338
18339
18340
18341
18342
18343
18346
18345
18347
18348
18349
18350
18351
18352
18353
18354
18355
18356
18357
18358
18359
18360
18361
18362
18363
18364
18365
18366
18367
18368
18369
18370
18371
18372
18373
18374
18375
18376
18377
18378
18379
18380
18381
18382
18383
18384
18385
18386
18387
18388
18389
18390
18391
18392
18393
18394
18395
18396
18397
18398
18399
18400
18401
18402
18403
18410
18411
18425
18426
18427
18428
18429
18430
18431
18432
18433
18434
18440
18444
18460
18461
18462
18463
18464
18466
18467
18468
18469
18470
18471
18472
18473
18474
18475
18476
18477
18478
18479
18480
18481
18482
18483
18484
18485
18486
18487
18488
18489
18490
18491
18492
18493
18494
18495
18496
18497
18498
18499
18500
18501
18502
18509
18510
18511
18512
18513
18514
18516
18517
18518
18524
18522
18523
18525
18526
18527
18529
18530
18592
18593
18594
18595
18596
18597
18599
18600
18601
18602
18604
18605
18606
18607
18608
18609
18610
18611
18612
18613
18614
18616
18618
18683
18684
18685
18686
18687
18688
18689
18690
18691
18692
18694
18695
18696
18697
18698
18699
18700
18705
18706
18722
18723
18724
18725
18726
18727
18728
18729
18730
18731
18780
18781
18782
18783
18784
18785
18786
18794
18798
18799
115 181 18254
116 181 183
117 184 18218
118 186 184
121 186 191
2199 1739 1756
2211 1766 1749
2213 1768 1762
2221 1773 1768
2224 1756 1776
2225 1776 1773
2231 1780 1776
2232 1776 1781
2233 1781 1768
2235 1783 1776
2243 1790 1783
2254 1781 1797
2262 1766 18046
2266 1781 18205
2267 1797 18205
2279 18205 1816
2281 18203 18202
2282 18203 1783
2283 1816 18203
2307 1846 18203
2308 1816 1846
2372 18047 1901
2380 1908 18042
2387 18043 1908
2388 18203 18206
2389 18206 1901
2390 18047 1908
2392 18039 18043
2394 18208 1846
2423 18206 18207
2424 18208 18207
2430 18207 1944
2434 1947 18208
2437 1947 18211
2440 1953 1947
2449 18212 1953
2457 1944 18211
2462 1968 18213
2463 1968 1970
2464 1968 18212
2465 18213 18244
2467 1971 18245
2481 18043 18045
2485 1944 1987
2494 18043 18048
2497 18045 18048
2498 18246 1971
2503 2002 1968
2517 18023 2015
2518 18057 2017
2533 2038 18023
2534 2038 21869
2545 18276 18246
2550 18041 2038
2565 1987 2072
2594 2095 18041
2595 2096 2095
2596 2038 2095
2603 2100 18276
2610 18058 18048
2611 18058 18057
2625 2114 18058
2628 2115 2114
2630 2117 2002
2631 18044 18055
2632 2120 2117
2634 18045 18050
2635 18050 18044
2636 18050 18041
2637 18211 18230
2653 18247 2141
2654 18247 2120
2660 18055 2115
2663 2149 2096
2664 2149 18050
2674 2157 2100
2688 2072 2167
2690 18023 2169
2691 2157 2170
2692 2170 2154
2694 2171 2157
2696 2173 18058
2697 18214 2167
2698 18214 2175
2700 2167 2173
2701 2170 18278
2710 2171 2184
2711 2184 2170
2712 2169 18024
2713 18049 2169
2714 2095 18049
2716 2188 2149
2717 18049 2188
2726 2193 2194
2727 2195 2193
2728 2196 2197
2731 18250 2196
2732 18250 2195
2734 2195 2194
2735 2198 2202
2741 2207 22140
2742 2207 18250
2744 2210 2207
2745 18250 2210
2748 18215 2213
2754 2202 2219
2757 2175 18215
2760 18278 2224
2770 2233 2184
2771 2233 2224
2775 2236 2114
2776 2236 18214
2786 18288 2246
2787 2213 2247
2788 2247 18230
2792 2250 2171
2798 2224 2256
2799 2256 18288
2803 2247 2258
2804 2210 2259
2808 2263 18248
2810 2263 18252
2811 18252 2207
2814 2267 18056
2815 2258 18232
2817 2271 2256
2818 18284 2256
2824 2261 18025
2825 18024 18025
2830 2280 2258
2834 18252 2282
2835 2250 2283
2837 18253 2263
2838 18253 18252
2839 2286 2287
2840 2288 2271
2841 2288 2286
2844 2287 2291
2845 2213 18231
2847 18281 2283
2848 2233 18281
2851 18284 18283
2853 18279 2283
2854 18232 18233
2855 18233 2300
2860 2259 2303
2861 2303 2194
2864 2305 18281
2865 18283 2305
2867 2303 2306
2868 2307 18049
2869 2282 2306
2873 18215 18216
2875 2307 18026
2876 18692 18694
2877 18021 18025
2879 18026 18025
2886 2267 2320
2887 2236 2320
2888 2306 2321
2889 2321 18279
2890 18281 2322
2891 18231 2323
2892 2280 2323
2893 2324 2287
2894 2320 2325
2899 18254 18253
2900 2323 2329
2901 18233 18249
2902 2331 2324
2903 2219 2331
2905 2332 18249
2910 18282 2305
2913 18251 2332
2915 18251 2339
2917 2325 2341
2918 18214 2341
2919 2283 2342
2920 2342 2322
2922 183 2321
2923 2341 186
2924 2325 2344
2927 2329 2347
2933 2352 2322
2934 18282 2352
2935 2353 2286
2936 2267 18061
2937 183 2355
2938 2355 2342
2939 2344 18218
2941 2352 2357
2947 2339 2359
2948 2359 181
2951 2361 18231
2952 2329 2361
2953 18683 2363
2954 2363 2364
2958 2368 2342
2959 2368 2352
2961 191 2369
2962 18216 2369
2966 2372 191
2967 18249 2373
2968 18290 2368
2969 18251 18258
2970 2376 2320
2972 18222 2372
2973 2379 2344
2977 18222 184
2978 2382 2353
2979 18256 18255
2980 2373 18256
2983 18298 2288
2984 2382 18298
2985 2376 2379
2986 2387 2307
2988 2369 2389
2989 18258 2373
2990 2390 2361
2993 18051 18025
2994 18051 2387
2995 18051 2267
2996 18296 18295
2998 2397 2376
2999 18061 2398
3000 2397 2398
3001 2357 2399
3002 2400 18268
3003 18238 2390
3004 2347 18238
3009 18298 18296
3010 18300 2382
3011 2331 18300
3012 2363 18688
3013 18688 2408
3014 18694 2408
3015 18268 2409
3016 2409 2359
3020 18265 2400
3023 18295 2414
3025 18683 18300
3027 18258 18263
3028 2389 2417
3029 2418 181
3030 2418 2355
3031 2418 18290
3032 2418 2399
3033 2399 2419
3034 2414 2419
3036 18258 2421
3037 2421 18265
3039 2409 2423
3040 2390 2417
3042 2423 2418
3043 2418 2425
3045 2417 18234
3046 18264 2421
3047 2409 18264
3048 18264 18263
3052 2433 2418
3053 2433 2419
3057 18239 2437
3058 18238 18239
3059 18256 2438
3060 18298 18297
3063 2438 18238
3065 18218 2442
3066 2397 18062
3067 18297 2444
3070 2398 2448
3072 2444 2414
3073 2389 2450
3074 2372 2450
3078 2454 2455
3079 2437 2455
3081 2448 2457
3085 2460 18300
3086 2419 2461
3091 2450 18224
3092 18224 2466
3093 18234 2466
3094 2467 2433
3095 2461 2467
3097 18291 2433
3100 2471 2467
3102 18051 18031
3108 2461 2477
3109 2477 18297
3110 2457 2478
3113 18266 18264
3115 2483 18300
3116 2477 2483
3118 2423 2485
3119 2452 18699
3120 18699 2487
3125 2491 2460
3130 18052 18051
3132 2491 18684
3137 2502 2471
3142 2506 2423
3143 2471 2507
3144 2477 2507
3145 2507 2483
3151 2455 2512
3152 18263 18257
3155 18062 2514
3161 18299 2507
3162 18685 18688
3163 2455 2520
3164 2512 2520
3165 18031 18030
3166 18259 18266
3168 2511 2524
3169 2524 18030
3170 18059 2478
3171 2457 18059
3172 2408 18689
3173 2527 18052
3176 2478 2527
3178 2530 18030
3179 2483 2531
3184 2535 2520
3185 2535 2512
3193 2540 2491
3200 18217 2379
3206 18269 2506
3209 184 2551
3210 2551 2442
3214 2423 18267
3215 2555 2454
3216 2520 2555
3218 18032 18051
3219 2531 2558
3220 2540 2558
3226 2551 18223
3227 18224 18223
3230 18689 2564
3231 18685 2565
3232 18272 18269
3233 2558 2565
3234 18052 2567
3235 2527 2567
3238 18223 2570
3239 18302 18299
3243 2574 18267
3244 2485 2574
3245 18272 18292
3246 18292 18291
3255 2558 2580
3256 2565 2580
3258 18260 18259
3261 2507 2585
3262 2580 2585
3263 2580 18686
3269 2592 18272
3272 18235 18236
3273 2555 18236
3280 2601 2570
3281 18236 2601
3289 2570 2608
3290 2601 2608
3291 2592 18273
3293 2565 2610
3294 2564 2610
3305 18241 2535
3307 2619 2601
3309 18696 18695
3310 18241 2623
3311 2623 18260
3312 18267 2624
3313 2574 2624
3314 2625 18260
3317 2628 2574
3318 2628 2592
3319 2535 2629
3320 2629 18241
3322 2623 2631
3323 2625 2631
3326 18223 2633
3327 2608 2633
3329 2564 18690
3332 18033 2530
3337 2567 2641
3340 18221 18217
3341 2633 18221
3345 2555 18237
3350 2651 18237
3351 2633 2652
3352 2652 18225
3353 2651 2619
3355 2655 2641
3356 18270 2628
3358 2652 2658
3359 18237 2629
3360 2610 2659
3361 18690 2659
3363 18697 18699
3364 18274 2628
3365 18303 18302
3366 18303 2585
3367 2585 2664
3368 2580 2664
3369 2610 2664
3371 2666 18032
3375 18029 18033
3376 2631 18242
3378 2666 18033
3384 18225 2676
3387 2666 18034
3388 2655 18034
3389 2629 2680
3395 2683 2625
3396 2680 18242
3397 18242 18241
3404 2689 18270
3405 2690 18696
3406 18301 2502
3407 18301 2692
3409 2690 18697
3412 18271 2689
3415 18221 2698
3417 18220 18221
3418 2676 18220
3419 18687 2664
3421 2608 18228
3422 18220 2704
3424 2706 2683
3425 2624 2706
3426 2692 18303
3427 2707 2706
3428 2624 2707
3429 18034 2708
3430 2708 2655
3433 2711 2707
3434 2711 18271
3443 2659 2716
3444 2683 18261
3449 2721 18034
3450 2721 2708
3454 2727 18723
3455 2727 2729
3460 2737 18083
3470 2727 18724
3472 2737 2756
3477 18785 18786
3478 2764 2765
3479 2766 2765
3480 2767 2768
3481 2769 18143
3482 18143 2771
3483 18331 18378
3484 18380 18378
3485 2767 18783
3486 18782 2768
3487 2777 18782
3488 2764 18322
3492 18144 2786
3495 18162 18161
3496 2792 18162
3498 2795 2796
3508 18079 18080
3517 2826 17326
3519 2830 2831
3531 2853 2854
3534 18312 2859
3540 18687 2864
3545 2870 2651
3546 2871 18229
3547 18228 18229
3548 18229 2870
3549 18294 18301
3553 2664 2876
3554 2659 2876
3559 2882 18293
3560 2880 18294
3561 2882 2880
3563 18275 18274
3565 18691 2864
3566 2886 2887
3567 2888 2881
3568 2888 2882
3570 2698 18064
3571 2704 18064
3577 18054 2567
3579 2896 18029
3580 2896 2721
3581 2707 2897
3582 18242 18243
3585 2897 18262
3586 18262 2711
3588 2902 18054
3589 2903 18053
3590 2903 18054
3592 18697 18698
3599 2658 18226
3601 2698 18060
3603 2882 2919
3604 18226 2920
3607 18085 2896
3610 2924 2870
3612 2897 2926
3613 2927 2876
3614 2716 2927
3619 2706 2930
3620 2926 2930
3621 18402 18294
3622 2932 2903
3624 2934 18275
3625 2934 2888
3626 2935 2932
3627 2641 2936
3628 2936 2935
3630 2939 2888
3631 2919 2939
3632 18227 18307
3633 18227 2871
3635 2920 2943
3638 18084 18085
3647 2711 2953
3648 18262 2953
3650 2927 2955
3651 2955 2690
3653 2943 2957
3654 2957 18227
3656 2958 18691
3657 2927 2958
3659 2935 18139
3661 2926 18376
3662 18376 18262
3670 18722 2955
3671 18229 2968
3672 18243 2969
3673 2930 2969
3674 2924 2968
3675 18722 2958
3683 2953 2975
3685 18304 2943
3688 2979 18304
3689 18318 2924
3694 2896 18088
3695 2985 18063
3696 18060 2985
3698 2926 2988
3710 18089 2708
3716 2680 3005
3718 18319 18318
3719 18237 18319
3720 3005 18319
3722 3009 2975
3723 3009 2934
3724 18083 18084
3725 18083 2997
3726 2969 3010
3727 2930 3010
3731 2975 18381
3732 3015 2930
3737 3005 3020
3738 18323 3020
3739 22150 22145
3740 2955 2729
3741 18402 22150
3743 18083 18071
3744 18381 3025
3745 3025 3009
3752 2988 18375
3753 18376 18375
3757 18060 3035
3765 3040 2902
3766 3040 3035
3770 18723 18722
3771 18705 18687
3781 18397 3009
3782 22145 18397
3783 22149 3053
3784 3022 22149
3790 3020 18324
3791 3059 2979
3797 3064 18064
3798 3064 3059
3801 18090 18089
3809 18397 22149
3810 2958 3074
3812 18403 22152
3813 3010 3077
3814 3077 3015
3815 2988 3077
3825 2756 3081
3826 3081 3029
3827 18375 3082
3828 3025 3082
3829 3010 3083
3830 18698 3084
3831 3084 18700
3846 18374 3077
3848 18375 18374
3849 18319 18320
3850 3063 17386
3851 2985 3103
3852 2729 3104
3856 3083 3107
3858 18324 3107
3859 3103 3064
3862 3077 3111
3864 3113 3103
3868 3082 3116
3869 3116 18374
3875 3122 3083
3876 3122 3111
3880 3116 3126
3881 3126 3127
3883 3107 3122
3886 3103 18153
3891 2936 18140
3892 3136 3137
3893 3113 3136
3894 2727 18726
3895 3025 18382
3905 22155 22151
3913 3104 3157
3919 3162 3157
3921 18726 3162
3930 3074 3168
3935 18086 18085
3936 2737 18086
3942 3177 3162
3946 3168 2727
3947 3157 3179
3948 3180 3122
3949 3111 3180
3956 18073 2737
3959 3179 3188
3963 3191 3177
3968 3188 18728
3969 3196 17386
3970 18374 3197
3971 3180 3197
3972 18728 3191
3974 2968 18316
3976 3200 3197
3977 3116 3200
3978 3191 18727
3981 18727 3204
3982 3197 3205
3986 3127 3208
3990 3211 17386
3992 18141 18140
3993 3040 18141
3994 3168 18706
3995 3215 18706
4001 18397 18383
4005 3223 3084
4008 3179 3223
4010 3180 18326
4013 3230 3215
4014 3231 18705
4015 3231 3230
4018 3196 3234
4021 3237 22149
4022 3234 17385
4028 18067 18073
4029 18316 18317
4044 18727 18729
4045 3223 18729
4047 3237 18400
4058 3065 18068
4060 3262 18325
4061 18326 3262
4065 3059 18305
4066 18382 3269
4067 18383 3269
4069 3107 3271
4070 18320 3271
4071 3237 18399
4078 18326 18377
4086 3136 3284
4091 3271 3289
4092 18327 3289
4097 18316 3295
4102 3299 18330
4103 3262 3299
4105 3302 18327
4107 3205 18377
4108 3289 3303
4110 3305 3303
4114 3308 3309
4115 3299 3308
4116 18327 3305
4120 3309 3302
4121 3312 3284
4125 18068 3315
4126 3315 18067
4127 17390 3196
4129 18706 18725
4130 3289 3319
4136 18725 3277
4138 17387 3234
4139 3223 3327
4142 3211 17391
4146 3040 18150
4147 18150 3312
4148 3303 3319
4149 3309 18328
4153 3336 18384
4157 3340 18320
4163 3319 3340
4165 3327 18730
4166 18141 18091
4167 18086 18091
4174 3312 18152
4183 3359 3315
4188 18305 3295
4203 18384 18386
4204 3269 18386
4205 18729 18730
4210 3376 17390
4211 3211 3376
4213 3295 18321
4214 3340 18321
4215 3319 18321
4222 3303 2766
4223 3305 2766
4224 18379 3336
4225 3383 17391
4226 3383 3359
4233 3200 3389
4234 3389 18379
4240 3397 17387
4241 18386 3398
4244 3397 3401
4246 3403 18150
4247 18321 3404
4250 3327 3407
4251 3398 18387
4252 18799 3410
4253 3411 18150
4259 18730 18780
4261 18798 18799
4266 3411 18151
4268 18087 2737
4269 18087 18091
4280 3407 3433
4285 3436 3383
4290 17392 3440
4291 17392 3436
4293 18725 3443
4296 18799 3446
4297 18784 3433
4298 18377 3448
4302 3450 3376
4303 3451 3359
4304 3451 18087
4311 3448 18331
4313 3455 17378
4315 18786 3458
4321 3407 18781
4325 17392 3451
4327 3308 3466
4328 18331 3466
4329 3467 3450
4330 3467 17392
4336 18069 3451
4341 2764 18321
4342 2766 2764
4343 18380 3389
4346 3476 3455
4347 3433 2767
4348 18141 2769
4349 17388 3397
4351 3467 17388
4352 18730 18731
4353 18385 18384
4359 18380 18385
4361 18786 3487
4362 3487 18798
4363 3398 3488
4364 17374 3470
4377 3488 18388
4378 3476 17374
4381 18072 18087
4382 3446 3503
4383 3504 18731
4384 3462 3504
4386 3504 18782
4390 2771 3411
4394 3512 18784
4399 3512 18785
4401 18399 18401
4402 3517 18321
4403 3517 18322
4404 3476 3518
4405 17388 3518
4408 18386 3520
4409 18388 3520
4410 18322 3521
4411 2765 3521
4412 3284 3522
4413 3521 3523
4414 2765 3523
4415 18327 3523
4418 18731 3527
4419 3522 18306
4422 3532 3522
4423 18308 3534
4424 3534 3404
4428 18306 18308
4430 3523 18329
4440 3534 18309
4445 18783 3550
4456 3466 3559
4457 18329 3559
4466 2768 3566
4471 3550 18794
4472 3512 18794
4474 3566 3573
4477 3576 18142
4478 3576 18143
4479 3550 3573
4480 3578 17197
4485 18794 3583
4490 18410 3488
4492 18410 18401
4494 2796 17325
4495 2796 3468
4504 18309 18314
4505 3404 18314
4508 3600 3403
4509 3578 3601
4512 3583 3603
4515 18091 18092
4521 3600 18155
4524 18143 18154
4530 3559 3614
4533 2796 3617
4539 3521 3621
4540 3614 3621
4543 3622 3623
4547 3627 17206
4548 3617 3627
4555 17340 3633
4560 3559 18339
4561 18378 18339
4562 3627 3601
4565 18410 18411
4567 3643 18156
4568 3643 3600
4583 3621 3655
4584 3614 3655
4586 18333 3655
4587 18146 3622
4590 3659 2777
4599 3666 18146
4600 3666 3576
4603 18101 18092
4610 3520 3674
4612 3674 18410
4618 18332 18333
4622 3682 17340
4623 18098 18094
4625 3685 18380
4626 3685 3686
4629 3686 3689
4630 3689 3674
4633 3692 3666
4634 3583 3693
4635 3694 18411
4640 3627 3698
4641 3617 3698
4642 3699 3476
4643 3518 3699
4647 18339 3701
4648 3685 3701
4649 2792 3532
4650 3682 17339
4651 18394 3689
4653 2814 18401
4654 3704 3517
4655 3621 3704
4656 3518 3705
4657 3705 3467
4658 3686 18390
4665 3704 18334
4670 2792 18310
4671 18092 18144
4672 17392 3715
4673 3715 18074
4678 18100 18098
4679 18100 18101
4688 18079 18072
4693 3705 17395
4694 3705 3727
4700 3727 3732
4704 3736 3590
4705 3732 3737
4706 17395 3737
4708 2795 3736
4711 3740 18093
4712 18080 3740
4716 3744 3698
4723 3754 17396
4724 3756 18100
4726 3715 3759
4728 3762 3763
4730 3765 2786
4733 3769 3770
4734 3771 3770
4738 18310 3776
4739 3754 18075
4740 2853 3762
4741 3756 3765
4745 18075 3759
4749 3765 3785
4750 3785 3762
4752 3763 3769
4753 3643 3787
4754 18161 3787
4759 3792 3740
4765 18145 2853
4769 3737 3805
4772 3704 3806
4777 3806 3810
4778 3810 3811
4782 18314 3810
4783 3655 18338
4789 3470 3815
4790 3815 17379
4795 18390 18391
4796 3825 3682
4797 3825 17341
4803 3811 18338
4806 18144 3763
4807 3763 3692
4812 3805 3754
4814 18338 3832
4815 3833 3744
4816 2796 3833
4819 3832 18389
4820 18339 18389
4821 18154 3771
4823 18147 3771
4826 3701 18389
4828 2830 3701
4829 2830 18391
4831 3785 18145
4837 3787 18157
4838 3770 18157
4842 3845 17342
4843 3845 3825
4846 3815 3848
4847 3699 22134
4849 18389 15368
4852 18311 3776
4854 3848 3853
4857 3776 3856
4867 3863 3833
4873 3810 3867
4875 3869 2795
4883 3875 3845
4884 3876 2830
4889 17344 3875
4891 3882 3875
4892 3883 18311
4893 3883 3856
4894 17326 3869
4895 3884 3882
4897 3876 18392
4899 3869 3887
4901 17326 3884
4902 3737 17397
4905 3891 18099
4906 3891 3756
4907 3698 3893
4909 3895 3792
4910 3895 3891
4916 3732 17394
4922 3904 18157
4923 17393 17394
4928 3744 3908
4939 3883 3904
4940 3853 17380
4943 3917 17393
4944 3699 3918
4947 3918 3917
4952 3759 3922
4956 3924 18079
4957 3908 3893
4958 3792 3925
4959 3925 3895
4963 3917 17383
4965 3922 3924
4968 3869 3928
4973 3932 17380
4976 18336 3867
4980 3924 18082
4985 18082 3925
4990 3856 18315
4991 3867 18315
4992 3948 3863
4993 3887 3948
4996 18097 3925
4998 3928 3948
5006 3769 18158
5010 18395 2831
5012 18340 18338
5014 3904 3962
5017 17380 3964
5018 3965 3922
5019 3965 18081
5020 3853 17381
5022 17344 3969
5033 18077 3965
5042 3964 3986
5043 17381 3986
5048 3969 3991
5049 3964 3991
5050 3962 18160
5055 3997 18340
5056 3998 3965
5059 3997 18337
5064 3986 4004
5068 4004 4008
5069 4008 17382
5071 4008 4011
5072 4011 3918
5073 3991 17346
5079 4017 18103
5080 4017 18145
5084 4020 18077
5085 18395 4021
5086 3928 4022
5089 4020 18078
5091 4021 18396
5097 4022 17327
5099 4030 3948
5101 17345 3969
5102 3991 17345
5109 4037 3876
5110 4021 4038
5116 18096 18097
5118 18163 18312
5121 4048 3998
5125 4051 4030
5126 17327 4051
5127 18078 18076
5131 18158 4054
5132 4054 3904
5134 4055 3997
5138 18393 4037
5139 18159 4054
5143 18160 4063
5145 4063 18163
5161 4073 18102
5162 4073 4017
5167 4079 4037
5168 4079 18393
5169 2859 4080
5170 18315 4080
5179 3863 4086
5185 18315 4090
5186 4090 4055
5194 4097 18096
5198 4090 4100
5199 4100 4055
5201 2854 18148
5208 4048 4097
5213 4080 18347
5218 4004 17398
5225 4097 18120
5231 4100 4079
5234 4063 18187
5236 4090 18363
5237 18076 17422
5241 4136 18393
5246 4141 4080
5248 17354 2826
5249 17345 17354
5252 4136 18427
5253 2831 18427
5264 4154 18125
5265 4154 4073
5266 4156 18168
5267 4156 18159
5271 17354 17355
5281 18187 4167
5285 4169 4141
5291 4169 18342
5295 17356 17345
5298 4181 4086
5299 17349 4181
5300 18364 18425
5301 18425 4079
5310 17353 4199
5315 4208 4209
5316 4210 4211
5321 4219 4220
5322 4220 18167
5323 18431 4223
5327 4229 17402
5328 4229 4231
5329 4232 4233
5330 4141 4233
5332 17367 4237
5333 4238 18113
5334 18116 18113
5338 4245 4246
5342 4253 18193
5344 4257 4258
5345 4258 4259
5346 4260 4261
5350 17412 4268
5351 4268 4269
5353 18178 4273
5354 4273 18183
5355 18174 18137
5359 4282 4283
5360 18196 18524
5361 4283 17472
5362 4287 18201
5363 4287 4289
5364 18510 18512
5365 18524 4287
5369 4296 4297
5370 4296 18607
5371 4299 4300
5388 17394 4322
5389 17422 4322
5406 4322 17420
5411 18427 18429
5413 4154 4344
5418 4348 3918
5419 4080 4349
5424 4348 17415
5430 4349 18359
5436 18126 4344
5438 18108 4048
5439 17422 4364
5442 4051 17353
5443 4022 17353
5444 17353 17354
5445 2854 18166
5446 18166 4367
5448 18165 18166
5450 4344 18165
5451 4097 18121
5465 17353 17351
5466 18121 4382
5467 4382 4154
5474 4388 4136
5477 4348 17417
5478 17417 4322
5490 17349 17353
5495 18429 4404
5496 18360 4090
5497 4349 18360
5502 17358 17356
5503 4410 4404
5504 18428 4388
5507 18363 4414
5510 4417 18360
5514 4417 4414
5515 4388 4410
5525 17353 4425
5527 4414 4427
5528 4427 18363
5534 4429 4169
5536 4167 4429
5537 4431 4382
5538 4427 18364
5544 17346 4436
5545 4364 18104
5551 4431 18122
5552 4425 17358
5555 4429 18341
5556 17403 17416
5557 17416 4011
5558 17416 17417
5559 4429 4447
5562 17416 4450
5565 4451 4156
5569 18165 18127
5572 17348 4181
5573 4181 4458
5574 4459 18188
5575 4459 4429
5576 4461 4459
5577 4429 4461
5578 18109 18108
5580 18426 18425
5581 18426 18428
5586 4467 17406
5587 4450 4467
5591 4467 4471
5592 4451 4472
5594 4473 4451
5595 4451 18169
5598 4476 17405
5599 4471 4476
5601 4479 4459
5602 4461 4480
5609 4485 4417
5618 4472 4493
5619 4493 18185
5620 4447 4495
5625 4472 18186
5631 18428 4508
5633 18128 18127
5636 4414 4509
5637 4485 4509
5641 4509 4512
5643 4493 4514
5644 4480 4515
5646 4514 4515
5648 4429 18343
5651 4382 4219
5652 4219 18128
5655 4509 18362
5657 18362 4512
5658 4508 18430
5660 18166 4525
5661 4525 4473
5665 17418 17416
5670 4476 17408
5676 4536 18109
5677 18365 18364
5680 4515 4538
5681 4514 4479
5682 4539 4512
5684 4539 18362
5692 18343 18345
5693 4538 4546
5695 17403 17407
5696 18430 4549
5697 4550 4431
5698 4550 18123
5701 17359 17358
5704 4549 18432
5712 17407 4231
5713 4231 17408
5715 4211 4536
5716 4211 4550
5719 4508 4563
5720 18432 4564
5722 4566 4485
5723 4566 4539
5730 4563 4549
5735 4546 4208
5738 4208 4514
5739 4208 4578
5749 17418 17423
5750 4211 18105
5754 18124 4211
5762 4495 4232
5765 4471 17409
5766 18426 4223
5767 4563 4223
5768 18167 4525
5780 18345 4601
5781 4601 4232
5784 18190 4209
5785 18190 4546
5786 4220 4604
5787 4604 18167
5789 17423 17419
5794 4601 18346
5798 18107 18105
5802 4617 18426
5803 4223 4618
5805 4473 4620
5806 4620 18170
5808 4618 4617
5810 17423 17425
5811 4624 4233
5815 4627 17348
5816 17425 4628
5817 17400 17359
5824 4634 17401
5825 4634 4229
5826 4566 4636
5827 4636 4637
5832 18361 4636
5833 4604 4641
5834 4641 4620
5844 22173 4210
5845 18124 22173
5847 4652 17400
5848 4634 4652
5849 4653 18190
5851 17424 17419
5852 4628 17424
5853 18444 4223
5854 4564 18444
5856 18105 17423
5857 4658 4493
5858 4578 4658
5862 4661 4637
5871 18110 22175
5872 4666 4617
5873 4653 18189
5874 4628 18106
5881 4674 17360
5882 4652 4674
5885 4210 4678
5887 4199 4680
5890 4683 18365
5892 4680 17363
5896 18370 4683
5897 4666 4689
5901 17367 4680
5903 4674 17367
5907 4694 4641
5908 4658 4694
5911 4683 18366
5913 18107 4238
5914 4678 4238
5916 18440 18444
5917 4223 4700
5918 4700 18440
5921 18171 4220
5923 4689 18434
5926 4661 4706
5929 4700 4710
5930 4436 17403
5931 17358 4436
5932 4229 4711
5933 4550 22174
5935 4714 4700
5936 4714 18440
5938 4716 4653
5941 4678 18116
5942 22173 18116
5943 18366 4706
5944 4716 18198
5946 18349 4624
5947 18349 18361
5949 4689 4245
5955 4245 4710
5960 4726 4238
5961 18106 4726
5968 17408 4729
5972 18444 4731
5978 18193 4694
5979 18193 4658
5980 4680 4237
5982 4694 4735
5986 4738 4716
5989 4726 4740
5995 17429 17424
5996 4747 4714
5997 4726 4748
5998 4748 18113
5999 4749 4253
6000 4237 4750
6001 17368 4750
6004 4754 17429
6005 4754 4628
6006 4740 18111
6015 4735 4763
6024 4740 4771
6026 18350 18349
6027 17363 17361
6028 4738 18348
6033 4771 18112
6042 4706 4784
6043 4784 18356
6045 4231 4787
6046 4788 17364
6047 4788 4237
6049 4791 18350
6050 4792 4793
6051 17361 4793
6052 4794 4792
6055 4750 17365
6056 4793 4788
6057 4750 4798
6060 4735 18191
6065 4771 4805
6067 4807 4794
6070 18171 4810
6073 4810 18173
6075 17362 4793
6077 4817 18348
6078 4817 4791
6082 4805 4821
6083 4822 18349
6084 18356 4822
6088 17369 4798
6089 4827 4754
6090 4821 4827
6092 17369 17365
6098 4833 4822
6113 4827 17430
6114 4805 17430
6115 17430 4845
6117 18171 4847
6118 4847 18134
6119 4749 4849
6120 4849 4738
6121 4850 18371
6123 4763 4853
6127 4857 18367
6128 4857 4850
6130 18135 4847
6131 4833 4861
6134 18433 4865
6135 18433 4666
6138 17365 17366
6139 18353 18350
6143 4850 18372
6144 18372 4865
6147 4749 4875
6148 4849 4876
6149 4876 4817
6151 4878 18433
6154 18372 4878
6157 4763 18192
6161 4748 4884
6162 4884 18117
6163 18199 4849
6166 4875 18197
6167 18197 18194
6168 18197 18199
6176 4896 4833
6180 4853 18177
6181 4861 4901
6182 4901 4896
6184 4876 4903
6185 4903 18199
6195 17414 4787
6196 4896 4911
6197 4784 4911
6200 4914 4827
6209 4853 4921
6211 4922 17369
6212 4798 4922
6213 17427 4924
6214 4925 17414
6215 4926 18353
6216 4901 4926
6219 17430 17431
6222 4903 4931
6223 4754 4282
6224 4282 4914
6225 4282 17431
6226 4932 4924
6227 4932 17428
6228 4934 17426
6229 4924 4934
6231 4784 18368
6232 18368 4857
6233 4938 18132
6236 4934 4925
6239 4931 4943
6240 4791 4943
6241 4282 4932
6244 18137 18135
6252 4911 18368
6253 4931 18351
6254 4943 18351
6257 18200 18199
6261 18177 18181
6263 4921 18179
6268 18357 4901
6269 18357 4911
6272 18195 4875
6281 18133 4938
6282 4847 18133
6286 4926 4257
6287 4257 18357
6288 4943 4974
6291 4974 4976
6292 4976 4257
6293 4810 4977
6294 4921 4977
6305 18354 4974
6314 18354 4992
6315 4976 4992
6316 4977 4993
6322 18175 4260
6323 4977 4260
6349 4922 5014
6351 4269 17413
6352 4269 4925
6353 4884 5016
6354 4259 18357
6355 4911 4259
6356 4260 18178
6357 18178 4993
6360 17362 5019
6362 17370 5014
6369 4259 5027
6375 5031 18354
6381 2887 18130
6382 2887 18110
6383 18133 2887
6384 4273 18196
6385 18196 18195
6394 5044 4268
6395 5016 18131
6397 18176 4261
6402 5053 4258
6404 18138 18174
6408 5027 5057
6409 17430 18460
6410 18460 18118
6415 5016 18119
6421 5068 5069
6422 18373 4878
6423 5031 18355
6427 4258 18358
6430 5057 5076
6433 18136 18133
6434 18136 18138
6435 4273 18184
6436 18373 5068
6441 5084 17411
6442 5084 5044
6456 18131 5093
6457 5093 2886
6460 18352 5031
6462 5076 18369
6467 5103 18174
6468 4261 5103
6475 18201 18200
6486 5115 17410
6487 5115 5084
6494 18176 18512
6495 18512 18180
6499 5103 18510
6514 18358 5136
6518 18460 5139
6519 5139 18462
6520 4289 18352
6535 18352 5151
6536 5151 5053
6537 5151 5136
6550 5161 5115
6551 5103 5162
6556 18369 5166
6557 5166 18373
6558 5162 18509
6559 5136 5166
6563 5171 5093
6564 5171 18136
6570 18605 5166
6571 18605 5177
6573 5014 17458
6574 17458 5161
6578 5183 18605
6588 4289 18525
6592 18490 5171
6604 5203 5171
6609 4726 5206
6611 5206 5208
6614 18463 5139
6615 5208 18463
6616 5211 4287
6622 5216 17451
6623 17458 5216
6628 5221 5203
6629 5162 5221
6634 5226 5203
6635 5221 5226
6643 18492 5221
6652 18491 18486
6653 5226 18491
6655 5243 17458
6656 18516 18524
6657 18464 18461
6658 5247 5151
6659 5248 5221
6664 5216 5253
6673 5262 5226
6674 5248 5262
6675 18526 5211
6677 5265 18485
6678 18491 5265
6680 18469 18468
6689 5253 5276
6693 5279 5248
6694 18511 5279
6695 5247 18594
6696 5136 18594
6707 18594 5291
6708 5166 5291
6712 5291 5294
6719 18484 18483
6720 5265 18484
6721 5301 5247
6722 5294 5301
6736 5310 18469
6737 18484 5310
6742 18592 18525
6744 5316 18487
6745 5316 18491
6750 5291 18595
6753 5324 18514
6754 5324 18516
6755 5326 18592
6756 5326 5301
6758 4283 5328
6760 18593 5301
6761 18593 5294
6771 18522 5211
6775 5341 5279
6778 5344 18467
6779 5310 5344
6780 18522 18516
6784 18522 18527
6785 5326 18527
6789 5353 5341
6790 18514 5353
6794 18470 18463
6795 5344 18470
6802 5363 5353
6803 5363 5324
6804 5328 17474
6814 5372 18464
6815 18470 5372
6816 5372 18466
6822 5376 5243
6828 18494 5262
6831 17474 5382
6846 5393 5382
6847 5328 5393
6848 5344 18471
6855 5399 5253
6859 5399 17452
6863 5404 5405
6864 17470 5407
6865 5382 17470
6867 5409 5393
6868 5409 17475
6873 5340 18610
6875 5372 5404
6877 18484 5418
6878 5418 5316
6883 5421 5183
6884 5422 18611
6886 5418 18489
6889 5422 5428
6890 17459 17460
6891 5431 17461
6893 18493 18494
6894 5435 18610
6895 5435 5422
6899 17460 5431
6901 17470 5431
6903 5421 18608
6904 18495 5248
6915 5451 5363
6921 5457 18593
6922 18596 5457
6928 5183 5464
6929 5464 5435
6931 5465 5421
6932 5465 5464
6933 18606 5467
6941 5418 5472
6944 18470 5472
6945 5474 5465
6950 5467 5465
6957 5481 18495
6960 5474 18609
6964 4297 5474
6968 5363 5490
6969 18522 5490
6970 18523 5490
6973 5493 5376
6974 17460 5493
6977 5496 5457
6978 5496 5467
6983 18496 5481
6991 5506 18513
6992 5506 5451
6993 5508 18496
6997 5451 18517
6999 5493 4299
7001 18597 5496
7003 5472 5516
7009 5516 18488
7036 5516 5540
7045 5393 17471
7047 5490 5550
7048 17464 17477
7049 17471 17487
7051 5550 18597
7059 5560 17463
7060 5560 5399
7061 4300 5560
7066 5565 5496
7067 5565 18600
7073 17477 17478
7078 5574 18479
7079 5540 5574
7094 5587 18470
7095 5574 5587
7096 5588 4296
7097 5588 18616
7112 5472 18500
7113 5508 18500
7139 5621 18474
7140 5587 5621
7162 5642 5643
7163 5643 18604
7243 17478 17480
7244 5772 5588
7269 5793 5565
7270 5793 18601
7271 5795 18518
7272 5795 5506
7285 5805 18473
7286 5621 5805
7290 18500 5809
7291 5809 5508
7292 5809 5795
7293 22372 5550
7300 18530 22372
7304 5587 18480
7305 18480 18481
7312 5772 18613
7314 5540 5825
7315 5826 18530
7316 5826 22372
7323 5825 18497
7336 17491 17490
7338 17471 5846
7339 5847 5846
7340 17480 5847
7345 5851 18472
7347 5805 5854
7348 5854 5851
7349 5855 17491
7350 5856 5855
7351 5855 5851
7353 5846 17488
7354 17488 5859
7358 17488 5856
7364 18614 5772
7365 18614 5870
7369 17488 5874
7371 5876 4300
7374 5854 18475
7389 5874 17482
7392 5876 17466
7403 17482 17481
7404 5900 5793
7405 5901 17479
7406 17481 5901
7408 5904 5876
7419 5904 5911
7424 5915 17466
7425 5901 5915
7428 5917 5826
7430 5919 5904
7431 5915 5919
7433 17488 5921
7434 5921 17489
7435 5911 5923
7436 5919 5923
7439 18614 5926
7440 5923 17465
7443 5900 18612
7444 5825 5930
7447 5930 18498
7453 5937 5917
7454 18501 5939
7455 18501 5809
7456 5940 5937
7457 5793 5940
7460 5937 18599
7461 5940 18599
7462 17465 17468
7463 17468 5945
7469 5490 18529
7481 5926 18612
7486 5851 18477
7489 5919 17483
7491 5921 5966
7498 5874 17484
7500 17493 5966
7509 17484 17492
7510 17492 17493
7513 5985 18480
7518 18602 5900
7526 5995 5985
7529 5995 18482
7531 6000 17469
7532 6000 17465
7533 18618 18614
7534 5851 6003
7538 6003 17496
7543 6009 18618
7559 5966 17495
7560 17495 6022
7570 5642 18604
7571 18604 18612
7576 6033 18602
7577 6033 5642
7578 5917 6034
7579 6000 6035
7582 17484 17485
7583 5930 6038
7587 18502 6042
7588 18502 18501
7590 6038 18502
7609 6003 17497
7610 6054 6038
7614 18502 6058
7617 5985 6054
7618 6054 18499
7623 6033 6065
7624 5643 6065
7630 17497 18476
7633 18477 18478
7642 6082 5995
7668 17485 6103
7672 17494 6107
7673 17495 6107
7717 6107 6137
7718 17497 6137
7789 6137 6194
19715 18072 15330
19716 15331 18091
19717 15333 15331
19722 4508 15343
19728 15354 3689
19732 15362 18364
19733 18312 3883
19734 15366 4429
19735 15368 15362
20501 16168 17461
20503 16172 16168
29653169 5404 5409
29653187 21869 18023
29653382 18202 1766
29653383 22131 18781
29653385 18781 3462
29653386 18780 22131
29653387 18691 2876
29653388 18257 2512
29653389 22134 3848
29653394 18248 18247
29653395 18244 1971
29653396 18277 2100
29653397 22145 2939
29653398 3022 22150
29653399 3053 3022
29653400 22152 18402
29653401 22152 22151
29653402 22151 18398
29653403 18398 3053
29653407 2881 18292
29653408 18293 2881
29653421 18334 18332
29653422 22175 22174
29653423 22174 18129
29653424 22175 18124
