NbNode NbEdge POD
432 584 134
16266
16267
16268
16269
16270
16271
16272
16273
16274
16275
16276
16277
16278
16279
16280
16281
16282
16283
16284
16285
16286
19631
19634
19635
19636
19663
19674
19678
19680
19681
19682
19684
19685
19686
19687
19692
19694
19695
19698
19699
19700
19701
19703
19704
19706
19707
19708
19709
19710
19713
19715
19716
19717
19719
19720
19723
19724
19727
19728
19730
19731
19732
19733
19734
19735
19736
19737
19738
19739
19740
19742
19743
19744
19745
19746
19747
19748
19749
19750
19752
19753
19754
19755
19756
19757
19758
19760
19761
19952
19959
19960
19961
19963
19964
19966
19967
19968
19969
19970
19972
19973
19982
19990
19991
19992
19993
19995
19996
19997
19998
19999
20000
20001
20003
20004
20005
20006
20008
20010
20018
20019
20020
20021
20022
20023
20024
20025
20026
20027
20028
20029
20030
20033
20034
2524 2023 16280
2525 2025 2026
2526 2027 2028
2527 2029 2030
11846 9220 9221
11864 9250 9251
11877 9271 9272
11886 19700 9287
11887 9287 19734
11910 9323 9324
12781 9970 20010
12854 9985 10027
12857 19635 10027
12879 10043 10022
12882 10045 9991
12883 10045 10043
12911 10059 16283
12912 9963 16283
12914 19674 10045
12917 16283 10069
12918 10069 10059
12951 10043 10096
12957 10101 19674
12971 19678 16285
12981 10120 10108
12984 19631 10120
12987 10096 16285
12991 16285 19680
13000 19635 10135
13010 10135 19636
13025 10096 10156
13036 19680 19681
13038 19681 10165
13069 2027 19631
13072 2030 9922
13074 10027 19634
13083 19634 2028
13085 10088 2027
13087 19682 10072
13088 10069 19682
13090 19663 2029
13096 2030 10207
13097 10207 10101
13111 19663 2025
13113 19636 2029
13114 10165 10216
13121 10221 10135
13156 19634 10221
13158 10243 10207
13159 10243 10101
13163 10069 10246
13164 10246 10120
13168 19685 10246
13171 10156 9221
13172 9221 10243
13188 10156 10256
13197 10216 19742
13202 19742 10256
13214 19742 10273
13227 9220 10283
13229 10256 10283
13236 10289 10246
13237 2028 10289
13241 9250 19685
13244 19682 9250
13256 2025 10301
13267 10310 10283
13293 10330 19732
13294 19732 10243
13295 10332 10221
13303 10301 10330
13309 19738 10310
13317 10332 10347
13319 19732 19738
13320 10273 10349
13327 10355 10289
13328 10355 10332
13340 10347 2026
13344 10347 10365
13367 19686 19685
13392 10349 19743
13403 19743 10408
13412 10416 10355
13417 10421 10416
13418 16284 10421
13419 16284 10416
13423 10310 10408
13430 19686 16269
13439 10365 16270
13440 2026 16270
13442 16269 10438
13443 10438 10421
13457 19687 19686
13468 10455 10301
13469 10455 10330
13499 16269 10478
13500 10438 10478
13506 10482 10455
13507 16284 10483
13516 10490 10482
13517 10408 10491
13520 10494 19687
13522 10491 19744
13531 9251 16267
13532 16267 10494
13533 10494 10502
13534 10502 16267
13537 9251 10504
13538 16267 10504
13547 10510 10511
13548 10504 10510
13562 10523 19687
13564 10523 10525
13567 10525 16268
13568 10478 16268
13570 10525 10531
13572 19744 10533
13575 19730 10490
13576 16270 19730
13588 10545 19730
13612 16268 10564
13615 10531 10567
13616 10567 10564
13633 19738 10582
13634 10533 10583
13638 19731 10545
13644 16281 10582
13645 10583 16281
13646 10582 19740
13648 10511 22490
13653 10564 10598
13654 10567 10599
13655 10599 10598
13658 10602 10482
13661 19739 10545
13662 19739 10602
13670 10602 10610
13671 19740 10610
13673 10612 19739
13674 10610 10612
13684 10617 19731
13737 19733 10617
13745 10667 10483
13755 10598 10667
13763 9272 19733
13764 16281 19745
13779 10689 19745
13783 10610 10689
13790 10502 10698
13791 19692 10698
13792 10531 19692
13800 19692 10703
13805 10599 16271
13810 16271 19694
13831 10667 10723
13836 10723 19700
13837 19700 9271
13843 10732 19694
13844 10732 10703
13869 10752 9272
13870 10753 10752
13876 10698 10756
13877 10612 10757
13880 10510 10759
13881 10756 10759
13884 9271 19734
13885 19734 10752
13893 10617 10766
13896 10766 19736
13914 10757 19736
13940 10766 10753
13945 19734 10803
13946 10753 10803
13968 16271 19701
13977 10827 10757
13991 10689 10827
14033 19736 10867
14034 10867 10827
14044 10877 10875
14046 10877 10703
14064 10803 19735
14075 19684 10877
14084 10909 10910
14086 10912 10909
14088 19735 10912
14089 10914 19701
14092 10910 19737
14093 10867 19737
14098 19737 10921
14099 10922 10914
14100 10922 9287
14105 10926 19684
14106 10927 10926
14109 19694 19698
14110 10927 10930
14114 10933 19735
14116 10914 10935
14137 16272 10922
14172 16272 10933
14175 10935 19698
14180 10909 10982
14181 10982 10921
14193 19695 10927
14197 10732 19695
14202 19695 11000
14219 19698 19699
14220 11000 19699
14231 10921 11025
14232 10996 19746
14247 11035 10912
14248 11036 16272
14254 10933 11036
14269 19707 11000
14281 19699 19709
14286 19709 19707
14291 19707 11070
14292 11025 19746
14299 10930 11078
14306 11070 11078
14323 11070 11095
14325 11097 11036
14343 11097 11110
14346 11113 11097
14347 11110 11113
14359 11110 11123
14365 11025 19749
14372 10982 19747
14377 11123 11139
14378 11035 11139
14384 19747 11144
14390 11144 19749
14401 11157 11035
14402 11157 19747
14412 16286 11113
14422 11139 11157
14432 19709 11178
14433 11178 10935
14443 11185 11186
14444 11185 16286
14449 11178 11190
14454 11190 16273
14455 11195 16273
14456 11190 11195
14459 11195 11197
14460 11197 11198
14464 11144 11202
14465 19749 11202
14466 11198 11203
14468 11095 19708
14469 19708 11206
14471 16273 19708
14472 19746 19760
14474 11095 11210
14479 11186 11197
14490 11206 11210
14514 11078 11243
14515 11210 11243
14532 11186 11255
14555 16273 19710
14559 11202 19750
14560 11280 19750
14561 19760 11280
14575 19748 16286
14576 19750 19748
14588 11280 11300
14603 19748 11313
14624 11203 19715
14625 11255 19715
14636 11313 11338
14638 19715 11340
14639 19710 16274
14642 11243 11345
14643 11345 19703
14660 11340 11360
14665 19717 11185
14673 16274 11345
14681 19717 11376
14683 11378 11376
14694 11255 11387
14695 11387 11378
14718 11407 16274
14719 11340 11407
14736 19713 11407
14743 19713 11426
14745 11300 11427
14748 19761 11432
14749 11432 11427
14755 11438 11360
14756 11438 11387
14774 19719 11438
14775 11376 19719
14776 11453 11438
14777 19719 11313
14784 11458 11338
14796 11360 19716
14797 19716 11453
14798 11300 11469
14803 19716 11473
14807 11426 11473
14816 11473 11484
14834 11458 11497
14835 11469 11497
14840 11427 11500
14849 19719 11506
14881 11500 11469
14896 11497 19754
14897 11484 19724
14904 19754 11548
14906 19754 11506
14932 11484 11571
14943 19703 19704
14945 11581 11426
14947 19720 11581
14951 19704 11586
14955 11586 11589
14965 11571 11597
14966 11597 11581
14975 19713 11605
14981 11605 19720
14993 11619 11432
14995 11619 11621
15037 19724 16277
15039 16277 11571
15041 11548 11656
15043 11658 11548
15044 11658 11621
15061 11656 11658
15077 11506 19752
15078 19704 11683
15079 11683 11605
15081 19752 19753
15085 11656 19753
15090 16277 11689
15094 11693 11597
15095 11621 19758
15096 11693 11695
15097 11695 11689
15098 19752 11689
15104 11701 11695
15105 19720 11701
15129 19758 11720
15140 11689 11728
15148 11728 16278
15152 16278 11738
15156 16278 11742
15157 11742 11738
15158 11738 11743
15162 19706 11683
15164 11701 11748
15167 11751 11720
15173 19706 11757
15174 11757 11701
15176 19758 11758
15179 19753 19756
15180 19756 11658
15181 11758 11751
15192 11748 16275
15193 11695 16275
15196 19756 11776
15197 11720 11776
15200 11748 11778
15206 11743 11784
15207 11785 19756
15208 11776 11785
15209 16275 11786
15212 11790 11758
15215 11757 11793
15227 16282 11790
15230 11742 16276
15231 11778 11793
15235 11786 11811
15236 11811 16276
15260 11793 22005
15261 22005 11827
15276 11786 11840
15277 11840 11811
15287 16276 11848
15289 11848 11784
15297 11743 11856
15302 19723 11778
15303 19723 11840
15308 11865 19723
15309 11785 11866
15314 11751 11866
15315 11848 19727
15317 19727 11872
15326 11784 19728
15352 19728 16279
15354 11872 11865
15362 19728 19727
15373 11856 21999
15387 11911 19757
15388 11866 19757
15396 16279 19755
15397 19755 11927
15398 11927 11911
15399 19990 11927
15417 11827 11941
15418 11942 11865
15419 11941 11942
15422 11945 11941
15423 11942 11945
15451 16279 11966
15483 11986 11945
15516 11986 19959
15519 11966 9323
15520 19755 9323
15532 19757 12025
15536 12028 11872
15547 19990 2023
15548 12036 11986
15549 12036 12028
15570 9324 16280
15579 16282 20010
15586 12028 9324
15590 19959 12056
15593 12025 12059
15631 20010 12095
15637 12056 12101
15642 12056 21879
15661 12059 12117
15663 12095 12119
15682 12036 19960
15684 19960 12134
15686 12101 12134
15709 12059 22000
15721 12117 12167
15723 12170 2023
15724 19991 12170
15764 16280 12200
15773 12170 12206
15793 19963 12200
15799 19960 12229
15801 12229 19963
15822 12245 12167
15826 12119 19993
15827 12167 12249
15828 12249 19993
15831 12252 19993
15832 12249 12253
15836 12252 12253
15856 12270 22004
15858 12253 12245
15864 12276 19961
15865 12134 12278
15869 19961 12278
15886 12292 12229
15888 12200 19964
15890 12278 12292
15902 12206 19964
15906 12308 12206
15907 12308 12270
15978 12393 19969
16015 20005 20003
16016 19997 12448
16017 12449 12448
16023 12458 20000
16027 19998 12465
16047 19952 12276
16075 19964 12506
16091 12518 12308
16110 12518 12533
16123 12506 12544
16135 12292 12550
16136 12544 12550
16184 19952 12586
16187 12588 12518
16192 12550 12586
16201 12533 12600
16211 12533 12608
16214 12600 20001
16215 12608 12588
16217 12612 20001
16223 12616 12588
16270 12616 12654
16289 12608 12668
16293 12600 12668
16327 12616 12692
16328 12506 12693
16339 12692 12654
16343 12692 12693
16348 12706 12693
16354 12654 19995
16355 12668 19995
16358 12706 12393
16368 16266 12706
16382 12393 19968
16394 19967 19966
16395 12544 19967
16398 12738 16266
16413 12738 21881
16436 12761 12738
16440 19968 19967
16502 12799 12761
16585 12857 12799
16592 19996 12857
16593 19995 19996
16595 19969 12868
16609 12449 12857
16610 19996 12449
16661 19973 12799
16713 12960 19973
16714 12960 12449
16716 19999 19996
16776 20003 19999
16777 13012 12960
16799 12868 19970
16817 13043 20003
16818 20004 13043
16824 13048 20004
16836 13055 20004
16909 13012 19997
16926 13118 13055
16929 19970 19972
16930 19972 13012
16954 13138 20005
16955 20000 19999
16956 13138 13118
16967 13118 13147
16977 13155 13138
16983 13155 20006
16984 12448 19998
16985 19998 20000
16989 13155 13164
16990 13164 13147
16991 13165 13138
16994 20006 13165
17014 13055 20008
17018 20008 13147
17020 13165 12458
17023 12465 13184
17040 20006 13197
17041 13197 13164
17105 20019 12458
17106 20019 13165
17181 12465 20020
17182 20020 20019
17220 13184 13322
17244 13338 20020
17247 13322 13338
17275 13361 13338
17276 13361 13197
17283 20018 13361
17294 20029 20008
17300 20018 13378
17331 20029 13378
17416 13463 20018
17430 20030 20029
17454 13489 13463
17458 13322 13492
17459 13492 13489
17460 13493 13492
17514 20021 13489
17530 13546 20025
17531 20025 13548
17532 13378 13548
17536 20033 20030
17538 13463 13546
17541 13554 20021
17542 20033 13555
17543 13555 20034
17546 13548 20033
17554 20025 13562
17576 20034 13579
17592 13555 13594
17600 13562 13601
17601 13594 13601
17627 13554 20026
17628 20025 20026
17649 20026 20028
17664 20024 20026
17685 20028 20027
17695 20022 20023
17696 20023 13554
17697 20023 20024
17721 19982 20022
29653197 21879 12101
29653199 21881 16266
29653282 21999 11911
29653283 22000 19991
29653285 19992 12245
29653286 22003 19992
29653287 22004 22003
29653289 22007 19704
